,成交筆數,成交股數,成交金額,收盤價,日期,最低價,最高價,本益比,漲跌價差,證券代號,證券名稱,開盤價
0,3,"41,000","767,510",18.71,20191231,18.71,18.72,0.00,0.00,00684R,元大美元指數反1,18.72
1,3,"41,000","763,110",18.71,20191230,18.61,18.71,0.0,0.19,00684R,元大美元指數反1,18.61
2,2,"40,000","740,800",18.52,20191227,18.52,18.52,0.0,0.05,00684R,元大美元指數反1,18.52
3,4,"44,000","814,660",18.57,20191226,18.51,18.57,0.0,0.07,00684R,元大美元指數反1,18.51
4,2,"40,000","740,000",18.50,20191225,18.50,18.50,0.0,0.03,00684R,元大美元指數反1,18.50
5,3,"41,000","757,250",18.47,20191224,18.45,18.47,0.0,0.1,00684R,元大美元指數反1,18.45
6,10,"99,000","1,827,070",18.37,20191223,18.37,18.48,0.0,0.24,00684R,元大美元指數反1,18.45
7,3,"41,000","762,610",18.61,20191220,18.60,18.61,0.0,0.04,00684R,元大美元指數反1,18.60
8,3,"41,000","760,970",18.57,20191219,18.56,18.57,0.0,0.02,00684R,元大美元指數反1,18.56
9,3,"43,000","797,620",18.55,20191218,18.54,18.55,0.0,0.04,00684R,元大美元指數反1,18.54
10,4,"42,000","780,750",18.59,20191217,18.56,18.59,0.0,0.0,00684R,元大美元指數反1,18.56
11,2,"40,000","743,600",18.59,20191216,18.59,18.59,0.0,0.11,00684R,元大美元指數反1,18.59
12,7,"48,000","895,110",18.70,20191213,18.63,18.70,0.0,0.1,00684R,元大美元指數反1,18.63
13,3,"43,000","799,800",18.60,20191212,18.60,18.60,0.0,0.06,00684R,元大美元指數反1,18.60
14,2,"40,000","741,600",18.54,20191211,18.54,18.54,0.0,0.01,00684R,元大美元指數反1,18.54
15,2,"40,000","741,200",18.53,20191210,18.53,18.53,0.0,0.0,00684R,元大美元指數反1,18.53
16,2,"40,000","741,200",18.53,20191209,18.53,18.53,0.0,0.21,00684R,元大美元指數反1,18.53
17,3,"41,000","762,340",18.74,20191206,18.59,18.74,0.0,0.22,00684R,元大美元指數反1,18.59
18,3,"10,000","185,230",18.52,20191205,18.52,18.53,0.0,0.01,00684R,元大美元指數反1,18.53
19,1,"3,000","55,530",18.51,20191204,18.51,18.51,0.0,0.04,00684R,元大美元指數反1,18.51
20,3,"5,000","92,340",18.47,20191203,18.46,18.47,0.0,0.0,00684R,元大美元指數反1,18.46
21,0,0,0,--,20191202,--,--,0.0,0.0,00684R,元大美元指數反1,--
22,1,"2,000","36,800",18.40,20191129,18.40,18.40,0.0,0.01,00684R,元大美元指數反1,18.40
23,2,"3,000","55,170",18.39,20191128,18.39,18.39,0.0,0.02,00684R,元大美元指數反1,18.39
24,1,"3,000","55,230",18.41,20191127,18.41,18.41,0.0,0.0,00684R,元大美元指數反1,18.41
25,0,0,0,--,20191126,--,--,0.0,0.0,00684R,元大美元指數反1,--
26,0,0,0,--,20191125,--,--,0.0,0.0,00684R,元大美元指數反1,--
27,0,0,0,--,20191122,--,--,0.0,0.0,00684R,元大美元指數反1,--
28,6,"101,000","1,864,490",18.46,20191121,18.46,18.49,0.0,0.03,00684R,元大美元指數反1,18.49
29,1,"6,000","110,940",18.49,20191120,18.49,18.49,0.0,0.02,00684R,元大美元指數反1,18.49
30,2,"4,000","74,030",18.51,20191119,18.50,18.51,0.0,0.04,00684R,元大美元指數反1,18.50
31,2,"3,000","55,410",18.47,20191118,18.47,18.47,0.0,0.0,00684R,元大美元指數反1,18.47
32,0,0,0,--,20191115,--,--,0.0,0.0,00684R,元大美元指數反1,--
33,0,0,0,--,20191114,--,--,0.0,0.0,00684R,元大美元指數反1,--
34,0,0,0,--,20191113,--,--,0.0,0.0,00684R,元大美元指數反1,--
35,3,"12,000","221,150",18.43,20191112,18.42,18.43,0.0,0.1,00684R,元大美元指數反1,18.42
36,1,"6,000","111,180",18.53,20191111,18.53,18.53,0.0,0.08,00684R,元大美元指數反1,18.53
37,4,"21,000","387,450",18.45,20191108,18.45,18.45,0.0,0.07,00684R,元大美元指數反1,18.45
38,5,"45,000","833,400",18.52,20191107,18.52,18.52,0.0,0.08,00684R,元大美元指數反1,18.52
39,3,"5,000","93,100",18.60,20191106,18.60,18.65,0.0,0.11,00684R,元大美元指數反1,18.65
40,2,"8,000","148,910",18.71,20191105,18.60,18.71,0.0,0.04,00684R,元大美元指數反1,18.60
41,3,"26,000","486,070",18.67,20191104,18.67,18.70,0.0,0.04,00684R,元大美元指數反1,18.70
42,1,"2,000","37,420",18.71,20191101,18.71,18.71,0.0,0.02,00684R,元大美元指數反1,18.71
43,5,"24,000","448,550",18.69,20191031,18.68,18.69,0.0,0.07,00684R,元大美元指數反1,18.68
44,1,"2,000","37,240",18.62,20191030,18.62,18.62,0.0,0.0,00684R,元大美元指數反1,18.62
45,0,0,0,--,20191029,--,--,0.0,0.0,00684R,元大美元指數反1,--
46,2,"3,000","55,870",18.61,20191028,18.61,18.63,0.0,0.02,00684R,元大美元指數反1,18.63
47,4,"105,000","1,956,150",18.63,20191025,18.63,18.63,0.0,0.07,00684R,元大美元指數反1,18.63
48,1,"5,000","93,500",18.70,20191024,18.70,18.70,0.0,0.02,00684R,元大美元指數反1,18.70
49,1,"22,000","410,960",18.68,20191023,18.68,18.68,0.0,0.0,00684R,元大美元指數反1,18.68
50,0,0,0,--,20191022,--,--,0.0,0.0,00684R,元大美元指數反1,--
51,8,"37,000","695,710",18.80,20191021,18.80,18.81,0.0,0.0,00684R,元大美元指數反1,18.81
52,18,"133,000","2,520,600",18.80,20191018,18.80,19.00,0.0,0.2,00684R,元大美元指數反1,19.00
53,6,"9,000","167,440",18.60,20191017,18.60,18.62,0.0,0.05,00684R,元大美元指數反1,18.60
54,5,"7,000","129,830",18.55,20191016,18.54,18.55,0.0,0.01,00684R,元大美元指數反1,18.54
55,1,"1,000","18,540",18.54,20191015,18.54,18.54,0.0,0.0,00684R,元大美元指數反1,18.54
56,0,0,0,--,20191014,--,--,0.0,0.0,00684R,元大美元指數反1,--
57,6,"18,000","332,720",18.47,20191009,18.47,18.49,0.0,0.0,00684R,元大美元指數反1,18.49
58,0,0,0,--,20191008,--,--,0.0,0.0,00684R,元大美元指數反1,--
59,0,0,0,--,20191007,--,--,0.0,0.0,00684R,元大美元指數反1,--
60,3,"7,000","129,430",18.47,20191004,18.47,18.55,0.0,0.0,00684R,元大美元指數反1,18.55
61,0,0,0,--,20191003,--,--,0.0,0.0,00684R,元大美元指數反1,--
62,0,0,0,--,20191002,--,--,0.0,0.0,00684R,元大美元指數反1,--
63,6,"16,000","294,120",18.40,20191001,18.36,18.48,0.0,0.12,00684R,元大美元指數反1,18.48
64,2,"10,000","185,200",18.52,20190927,18.52,18.52,0.0,0.04,00684R,元大美元指數反1,18.52
65,3,"3,000","55,620",18.56,20190926,18.50,18.56,0.0,0.0,00684R,元大美元指數反1,18.50
66,0,0,0,--,20190925,--,--,0.0,0.0,00684R,元大美元指數反1,--
67,25,"234,000","4,333,570",18.55,20190924,18.51,18.55,0.0,0.04,00684R,元大美元指數反1,18.53
68,7,"132,000","2,454,980",18.59,20190923,18.59,18.61,0.0,0.07,00684R,元大美元指數反1,18.61
69,3,"4,000","74,640",18.66,20190920,18.66,18.66,0.0,0.0,00684R,元大美元指數反1,18.66
70,0,0,0,--,20190919,--,--,0.0,0.0,00684R,元大美元指數反1,--
71,2,"4,000","74,640",18.66,20190918,18.66,18.66,0.0,0.01,00684R,元大美元指數反1,18.66
72,3,"6,000","111,950",18.65,20190917,18.65,18.66,0.0,0.05,00684R,元大美元指數反1,18.66
73,3,"3,000","56,100",18.70,20190916,18.70,18.70,0.0,0.0,00684R,元大美元指數反1,18.70
74,0,0,0,--,20190912,--,--,0.0,0.0,00684R,元大美元指數反1,--
75,0,0,0,--,20190911,--,--,0.0,0.0,00684R,元大美元指數反1,--
76,0,0,0,--,20190910,--,--,0.0,0.0,00684R,元大美元指數反1,--
77,6,"10,000","186,120",18.64,20190909,18.6,18.64,0.0,0.02,00684R,元大美元指數反1,18.6
78,3,"3,000","55,940",18.66,20190906,18.59,18.69,0.0,0.07,00684R,元大美元指數反1,18.59
79,8,"55,000","1,022,270",18.59,20190905,18.58,18.6,0.0,0.06,00684R,元大美元指數反1,18.6
80,2,"2,000","37,300",18.65,20190904,18.65,18.65,0.0,0.07,00684R,元大美元指數反1,18.65
81,7,"10,000","185,850",18.58,20190903,18.58,18.6,0.0,0.09,00684R,元大美元指數反1,18.6
82,2,"3,000","56,010",18.67,20190902,18.67,18.67,0.0,0.02,00684R,元大美元指數反1,18.67
83,6,"9,000","167,680",18.65,20190830,18.6,18.69,0.0,0.05,00684R,元大美元指數反1,18.6
84,5,"11,000","205,830",18.7,20190829,18.7,18.73,0.0,0.03,00684R,元大美元指數反1,18.73
85,2,"55,000","1,030,150",18.73,20190828,18.73,18.73,0.0,0.03,00684R,元大美元指數反1,18.73
86,2,"2,000","37,510",18.76,20190827,18.75,18.76,0.0,0.07,00684R,元大美元指數反1,18.75
87,32,"305,000","5,746,240",18.83,20190826,18.82,18.88,0.0,0.08,00684R,元大美元指數反1,18.83
88,4,"59,000","1,105,680",18.75,20190823,18.74,18.75,0.0,0.01,00684R,元大美元指數反1,18.74
89,1,"2,000","37,520",18.76,20190822,18.76,18.76,0.0,0.06,00684R,元大美元指數反1,18.76
90,1,"2,000","37,640",18.82,20190821,18.82,18.82,0.0,0.02,00684R,元大美元指數反1,18.82
91,3,"3,000","56,510",18.84,20190820,18.83,18.84,0.0,0.06,00684R,元大美元指數反1,18.84
92,9,"14,000","262,730",18.78,20190819,18.72,18.78,0.0,0.01,00684R,元大美元指數反1,18.72
93,4,"10,000","187,930",18.77,20190816,18.77,18.81,0.0,0.06,00684R,元大美元指數反1,18.81
94,2,"3,000","56,570",18.83,20190815,18.83,18.91,0.0,0.1,00684R,元大美元指數反1,18.91
95,5,"16,000","302,750",18.93,20190814,18.92,18.93,0.0,0.03,00684R,元大美元指數反1,18.92
96,5,"5,000","94,970",18.96,20190813,18.96,19.04,0.0,0.07,00684R,元大美元指數反1,19.03
97,6,"17,000","322,510",19.03,20190812,18.93,19.03,0.0,0.11,00684R,元大美元指數反1,18.93
