,成交筆數,成交股數,成交金額,收盤價,日期,最低價,最高價,本益比,漲跌價差,證券代號,證券名稱,開盤價
0,120,"1,267,000","14,478,000",11.43,20191231,11.42,11.44,0.00,0.06,00669R,國泰美國道瓊反1,11.42
1,71,"391,000","4,439,900",11.37,20191230,11.35,11.37,0.0,0.03,00669R,國泰美國道瓊反1,11.35
2,243,"2,656,000","30,164,750",11.34,20191227,11.34,11.37,0.0,0.07,00669R,國泰美國道瓊反1,11.37
3,92,"625,000","7,127,470",11.41,20191226,11.4,11.42,0.0,0.0,00669R,國泰美國道瓊反1,11.42
4,99,"224,000","2,555,950",11.41,20191225,11.4,11.44,0.0,0.0,00669R,國泰美國道瓊反1,11.41
5,149,"1,084,000","12,367,990",11.41,20191224,11.4,11.42,0.0,0.03,00669R,國泰美國道瓊反1,11.41
6,130,"1,255,000","14,347,500",11.44,20191223,11.42,11.44,0.0,0.04,00669R,國泰美國道瓊反1,11.44
7,341,"1,287,000","14,772,140",11.48,20191220,11.47,11.49,0.0,0.05,00669R,國泰美國道瓊反1,11.48
8,204,"2,330,000","26,846,340",11.53,20191219,11.51,11.54,0.0,0.0,00669R,國泰美國道瓊反1,11.52
9,80,"1,158,000","13,346,530",11.53,20191218,11.52,11.53,0.0,0.0,00669R,國泰美國道瓊反1,11.52
10,164,"1,329,000","15,323,750",11.53,20191217,11.52,11.54,0.0,0.03,00669R,國泰美國道瓊反1,11.54
11,110,"700,000","8,088,340",11.56,20191216,11.54,11.57,0.0,0.02,00669R,國泰美國道瓊反1,11.55
12,331,"1,868,000","21,527,070",11.54,20191213,11.51,11.54,0.0,0.1,00669R,國泰美國道瓊反1,11.51
13,144,"2,081,000","24,236,230",11.64,20191212,11.64,11.68,0.0,0.03,00669R,國泰美國道瓊反1,11.66
14,72,"416,000","4,860,290",11.67,20191211,11.67,11.7,0.0,0.01,00669R,國泰美國道瓊反1,11.69
15,92,"709,000","8,280,560",11.68,20191210,11.67,11.69,0.0,0.02,00669R,國泰美國道瓊反1,11.68
16,245,"1,724,000","20,086,400",11.66,20191209,11.64,11.66,0.0,0.1,00669R,國泰美國道瓊反1,11.65
17,293,"1,823,000","21,429,410",11.76,20191206,11.74,11.77,0.0,0.03,00669R,國泰美國道瓊反1,11.74
18,211,"1,602,000","18,871,450",11.79,20191205,11.76,11.8,0.0,0.06,00669R,國泰美國道瓊反1,11.78
19,612,"5,184,000","61,376,550",11.85,20191204,11.82,11.85,0.0,0.15,00669R,國泰美國道瓊反1,11.83
20,436,"4,918,000","57,610,400",11.7,20191203,11.69,11.73,0.0,0.11,00669R,國泰美國道瓊反1,11.73
21,314,"1,841,000","21,342,980",11.59,20191202,11.58,11.61,0.0,0.06,00669R,國泰美國道瓊反1,11.61
22,306,"4,212,099","49,038,642",11.65,20191129,11.61,11.65,0.0,0.0,00669R,國泰美國道瓊反1,11.63
23,196,"1,117,000","12,995,500",11.65,20191128,11.62,11.65,0.0,0.06,00669R,國泰美國道瓊反1,11.62
24,273,"1,481,000","17,186,590",11.59,20191127,11.59,11.63,0.0,0.05,00669R,國泰美國道瓊反1,11.63
25,274,"1,850,099","21,514,032",11.64,20191126,11.61,11.65,0.0,0.05,00669R,國泰美國道瓊反1,11.63
26,199,"1,829,000","21,365,960",11.69,20191125,11.67,11.7,0.0,0.05,00669R,國泰美國道瓊反1,11.69
27,171,"1,588,000","18,654,200",11.74,20191122,11.74,11.76,0.0,0.02,00669R,國泰美國道瓊反1,11.75
28,452,"2,551,000","30,081,710",11.76,20191121,11.76,11.82,0.0,0.02,00669R,國泰美國道瓊反1,11.79
29,301,"2,059,000","24,164,320",11.74,20191120,11.71,11.75,0.0,0.1,00669R,國泰美國道瓊反1,11.72
30,580,"3,979,000","46,385,730",11.64,20191119,11.64,11.69,0.0,0.06,00669R,國泰美國道瓊反1,11.69
31,370,"1,756,000","20,540,300",11.7,20191118,11.69,11.71,0.0,0.04,00669R,國泰美國道瓊反1,11.7
32,370,"2,340,000","27,477,900",11.74,20191115,11.73,11.75,0.0,0.05,00669R,國泰美國道瓊反1,11.75
33,735,"5,676,000","66,881,010",11.79,20191114,11.75,11.8,0.0,0.06,00669R,國泰美國道瓊反1,11.8
34,164,"1,954,000","23,149,420",11.85,20191113,11.83,11.86,0.0,0.03,00669R,國泰美國道瓊反1,11.84
35,349,"2,755,000","32,611,570",11.82,20191112,11.82,11.86,0.0,0.08,00669R,國泰美國道瓊反1,11.86
36,459,"8,677,000","103,014,310",11.9,20191111,11.84,11.9,0.0,0.05,00669R,國泰美國道瓊反1,11.84
37,364,"2,971,000","35,147,500",11.85,20191108,11.82,11.85,0.0,0.09,00669R,國泰美國道瓊反1,11.83
38,221,"3,758,000","44,851,910",11.94,20191107,11.92,11.94,0.0,0.01,00669R,國泰美國道瓊反1,11.93
39,283,"2,743,000","32,771,070",11.93,20191106,11.92,11.98,0.0,0.01,00669R,國泰美國道瓊反1,11.97
40,368,"10,134,000","120,848,820",11.94,20191105,11.91,11.95,0.0,0.04,00669R,國泰美國道瓊反1,11.93
41,438,"8,113,000","97,227,010",11.98,20191104,11.97,12.01,0.0,0.1,00669R,國泰美國道瓊反1,11.99
42,109,"1,443,000","17,451,670",12.08,20191101,12.07,12.12,0.0,0.03,00669R,國泰美國道瓊反1,12.11
43,280,"2,888,000","34,790,440",12.05,20191031,12.04,12.05,0.0,0.05,00669R,國泰美國道瓊反1,12.04
44,87,"884,000","10,692,130",12.1,20191030,12.08,12.1,0.0,0.01,00669R,國泰美國道瓊反1,12.1
45,267,"2,822,000","34,093,160",12.09,20191029,12.06,12.1,0.0,0.04,00669R,國泰美國道瓊反1,12.07
46,215,"1,464,000","17,747,930",12.13,20191028,12.11,12.14,0.0,0.09,00669R,國泰美國道瓊反1,12.13
47,95,"984,000","12,014,590",12.22,20191025,12.2,12.22,0.0,0.02,00669R,國泰美國道瓊反1,12.2
48,86,"636,000","7,754,970",12.2,20191024,12.18,12.21,0.0,0.03,00669R,國泰美國道瓊反1,12.19
49,109,"1,098,000","13,438,560",12.23,20191023,12.22,12.25,0.0,0.06,00669R,國泰美國道瓊反1,12.23
50,76,"794,000","9,665,980",12.17,20191022,12.16,12.19,0.0,0.04,00669R,國泰美國道瓊反1,12.19
51,340,"1,388,000","16,923,950",12.21,20191021,12.18,12.23,0.0,0.06,00669R,國泰美國道瓊反1,12.23
52,135,"2,153,000","26,141,280",12.15,20191018,12.13,12.16,0.0,0.0,00669R,國泰美國道瓊反1,12.14
53,115,"1,309,000","15,916,440",12.15,20191017,12.15,12.18,0.0,0.02,00669R,國泰美國道瓊反1,12.18
54,226,"1,865,000","22,684,640",12.17,20191016,12.15,12.17,0.0,0.05,00669R,國泰美國道瓊反1,12.16
55,70,"1,806,000","22,065,000",12.22,20191015,12.21,12.23,0.0,0.0,00669R,國泰美國道瓊反1,12.23
56,338,"3,247,001","39,652,222",12.22,20191014,12.19,12.23,0.0,0.3,00669R,國泰美國道瓊反1,12.22
57,267,"2,248,001","28,106,852",12.52,20191009,12.49,12.52,0.0,0.16,00669R,國泰美國道瓊反1,12.49
58,159,"1,514,000","18,714,980",12.36,20191008,12.34,12.38,0.0,0.04,00669R,國泰美國道瓊反1,12.38
59,170,"1,884,098","23,381,286",12.4,20191007,12.4,12.42,0.0,0.1,00669R,國泰美國道瓊反1,12.41
60,224,"3,490,001","43,662,872",12.5,20191004,12.48,12.54,0.0,0.07,00669R,國泰美國道瓊反1,12.51
61,653,"7,254,000","91,188,220",12.57,20191003,12.55,12.59,0.0,0.24,00669R,國泰美國道瓊反1,12.58
62,340,"2,584,000","31,860,030",12.33,20191002,12.31,12.34,0.0,0.18,00669R,國泰美國道瓊反1,12.33
63,131,"1,451,000","17,625,460",12.15,20191001,12.14,12.17,0.0,0.07,00669R,國泰美國道瓊反1,12.16
64,86,"722,000","8,828,750",12.22,20190927,12.22,12.24,0.0,0.0,00669R,國泰美國道瓊反1,12.22
65,102,"946,000","11,532,560",12.22,20190926,12.18,12.22,0.0,0.01,00669R,國泰美國道瓊反1,12.18
66,163,"1,264,000","15,457,670",12.23,20190925,12.21,12.24,0.0,0.09,00669R,國泰美國道瓊反1,12.24
67,109,"1,396,000","16,964,440",12.14,20190924,12.14,12.16,0.0,0.03,00669R,國泰美國道瓊反1,12.15
68,136,"1,371,000","16,683,830",12.17,20190923,12.15,12.18,0.0,0.03,00669R,國泰美國道瓊反1,12.18
69,77,"570,000","6,915,970",12.14,20190920,12.12,12.14,0.0,0.01,00669R,國泰美國道瓊反1,12.14
70,156,"2,406,000","29,205,410",12.15,20190919,12.1,12.15,0.0,0.01,00669R,國泰美國道瓊反1,12.12
71,94,"939,000","11,391,920",12.14,20190918,12.12,12.14,0.0,0.01,00669R,國泰美國道瓊反1,12.13
72,91,"443,000","5,378,220",12.15,20190917,12.11,12.15,0.0,0.01,00669R,國泰美國道瓊反1,12.13
73,144,"1,254,000","15,232,730",12.14,20190916,12.13,12.16,0.0,0.05,00669R,國泰美國道瓊反1,12.15
74,655,"4,580,000","55,405,810",12.09,20190912,12.07,12.13,0.0,0.14,00669R,國泰美國道瓊反1,12.13
75,231,"2,280,099","27,924,578",12.23,20190911,12.23,12.27,0.0,0.06,00669R,國泰美國道瓊反1,12.26
76,133,"527,100","6,466,331",12.29,20190910,12.24,12.29,0.0,0.03,00669R,國泰美國道瓊反1,12.25
77,159,"1,399,000","17,154,370",12.26,20190909,12.25,12.28,0.0,0.05,00669R,國泰美國道瓊反1,12.28
78,210,"1,505,000","18,512,320",12.31,20190906,12.29,12.32,0.0,0.05,00669R,國泰美國道瓊反1,12.3
79,415,"3,157,000","39,075,020",12.36,20190905,12.34,12.45,0.0,0.15,00669R,國泰美國道瓊反1,12.44
80,166,"1,979,000","24,837,000",12.51,20190904,12.51,12.59,0.0,0.04,00669R,國泰美國道瓊反1,12.59
81,162,"2,424,000","30,382,520",12.55,20190903,12.51,12.56,0.0,0.04,00669R,國泰美國道瓊反1,12.55
82,120,"2,067,000","25,873,720",12.51,20190902,12.5,12.54,0.0,0.03,00669R,國泰美國道瓊反1,12.53
83,503,"5,402,000","67,369,780",12.48,20190830,12.45,12.49,0.0,0.19,00669R,國泰美國道瓊反1,12.49
84,319,"5,510,000","69,902,880",12.67,20190829,12.66,12.71,0.0,0.07,00669R,國泰美國道瓊反1,12.67
85,166,"2,920,000","37,199,850",12.74,20190828,12.73,12.75,0.0,0.02,00669R,國泰美國道瓊反1,12.75
86,292,"2,820,000","35,815,350",12.72,20190827,12.67,12.74,0.0,0.21,00669R,國泰美國道瓊反1,12.74
87,633,"5,872,000","75,799,010",12.93,20190826,12.86,12.94,0.0,0.4,00669R,國泰美國道瓊反1,12.93
88,283,"2,812,000","35,241,320",12.53,20190823,12.52,12.55,0.0,0.05,00669R,國泰美國道瓊反1,12.55
89,165,"767,000","9,626,660",12.58,20190822,12.52,12.58,0.0,0.09,00669R,國泰美國道瓊反1,12.55
90,89,"1,101,000","13,956,890",12.67,20190821,12.66,12.69,0.0,0.08,00669R,國泰美國道瓊反1,12.68
91,134,"1,173,000","14,786,450",12.59,20190820,12.59,12.63,0.0,0.03,00669R,國泰美國道瓊反1,12.61
92,220,"1,735,000","21,933,470",12.62,20190819,12.62,12.67,0.0,0.2,00669R,國泰美國道瓊反1,12.67
93,201,"2,971,000","38,065,060",12.82,20190816,12.8,12.84,0.0,0.06,00669R,國泰美國道瓊反1,12.84
94,624,"4,962,000","63,970,370",12.88,20190815,12.87,12.93,0.0,0.32,00669R,國泰美國道瓊反1,12.89
95,228,"1,787,000","22,406,640",12.56,20190814,12.52,12.58,0.0,0.17,00669R,國泰美國道瓊反1,12.54
96,254,"1,585,000","20,157,620",12.73,20190813,12.7,12.74,0.0,0.18,00669R,國泰美國道瓊反1,12.73
97,222,"2,318,000","29,109,810",12.55,20190812,12.53,12.58,0.0,0.11,00669R,國泰美國道瓊反1,12.57
