,成交筆數,成交股數,成交金額,收盤價,日期,最低價,最高價,本益比,漲跌價差,證券代號,證券名稱,開盤價
0,"7,884","75,061,500","1,403,591,758",18.74,20191119,18.50,18.87,0.00,0.14,00637L,元大滬深300正2,18.54
1,"9,838","107,605,268","1,985,942,588",18.6,20191118,18.3,18.62,0.0,0.12,00637L,元大滬深300正2,18.4
2,"9,062","95,913,400","1,775,046,948",18.48,20191115,18.35,18.68,0.0,0.03,00637L,元大滬深300正2,18.62
3,"4,821","51,305,135","948,931,220",18.51,20191114,18.4,18.59,0.0,0.07,00637L,元大滬深300正2,18.5
4,"5,902","72,062,350","1,327,598,035",18.44,20191113,18.33,18.52,0.0,0.05,00637L,元大滬深300正2,18.48
5,"15,658","207,529,999","3,848,457,571",18.49,20191112,18.32,18.82,0.0,0.18,00637L,元大滬深300正2,18.76
6,"16,336","173,989,000","3,279,375,857",18.67,20191111,18.66,19.22,0.0,0.62,00637L,元大滬深300正2,19.2
7,"8,640","84,914,470","1,651,830,708",19.29,20191108,19.29,19.58,0.0,0.0,00637L,元大滬深300正2,19.54
8,"9,907","120,927,668","2,338,147,810",19.29,20191107,19.21,19.54,0.0,0.14,00637L,元大滬深300正2,19.39
9,"9,999","111,731,373","2,174,694,094",19.43,20191106,19.37,19.55,0.0,0.32,00637L,元大滬深300正2,19.54
10,"18,878","221,804,183","4,331,556,328",19.75,20191105,19.22,19.84,0.0,0.48,00637L,元大滬深300正2,19.39
11,"13,955","174,717,231","3,363,322,971",19.27,20191104,19.15,19.34,0.0,0.3,00637L,元大滬深300正2,19.15
12,"16,626","168,923,157","3,156,661,255",18.97,20191101,18.32,18.98,0.0,0.56,00637L,元大滬深300正2,18.35
13,"4,426","47,594,812","876,653,991",18.41,20191031,18.32,18.49,0.0,0.04,00637L,元大滬深300正2,18.42
14,"8,274","70,673,271","1,303,968,376",18.37,20191030,18.35,18.62,0.0,0.25,00637L,元大滬深300正2,18.54
15,"5,880","65,691,820","1,225,760,702",18.62,20191029,18.59,18.76,0.0,0.03,00637L,元大滬深300正2,18.69
16,"9,947","115,089,431","2,140,049,528",18.59,20191028,18.44,18.73,0.0,0.28,00637L,元大滬深300正2,18.59
17,"12,081","122,592,046","2,247,789,665",18.31,20191025,18.17,18.53,0.0,0.05,00637L,元大滬深300正2,18.49
18,"9,708","127,740,999","2,364,933,680",18.36,20191024,18.35,18.66,0.0,0.2,00637L,元大滬深300正2,18.57
19,"5,498","82,417,037","1,529,764,527",18.56,20191023,18.43,18.68,0.0,0.11,00637L,元大滬深300正2,18.56
20,"8,624","90,311,700","1,677,451,220",18.45,20191022,18.44,18.8,0.0,0.1,00637L,元大滬深300正2,18.7
21,"8,768","93,329,300","1,725,574,038",18.55,20191021,18.32,18.68,0.0,0.1,00637L,元大滬深300正2,18.47
22,"12,455","131,090,767","2,482,834,143",18.65,20191018,18.65,19.22,0.0,0.29,00637L,元大滬深300正2,19.1
23,"4,813","76,670,420","1,455,735,064",18.94,20191017,18.9,19.1,0.0,0.04,00637L,元大滬深300正2,18.9
24,"15,571","178,090,500","3,408,633,744",18.9,20191016,18.85,19.4,0.0,0.04,00637L,元大滬深300正2,19.12
25,"5,928","76,050,075","1,445,320,329",18.94,20191015,18.93,19.08,0.0,0.1,00637L,元大滬深300正2,19.0
26,"25,048","284,223,757","5,403,058,744",19.04,20191014,18.72,19.27,0.0,1.04,00637L,元大滬深300正2,18.8
27,"9,313","101,889,166","1,827,005,766",18.0,20191009,17.76,18.2,0.0,0.21,00637L,元大滬深300正2,17.85
28,"13,703","134,021,500","2,410,756,262",18.21,20191008,17.65,18.27,0.0,0.69,00637L,元大滬深300正2,17.66
29,"4,321","34,511,501","605,714,226",17.52,20191007,17.5,17.71,0.0,0.11,00637L,元大滬深300正2,17.71
30,"3,522","23,717,088","418,303,111",17.63,20191004,17.55,17.73,0.0,0.11,00637L,元大滬深300正2,17.71
31,"6,004","52,546,698","921,665,494",17.52,20191003,17.5,17.61,0.0,0.3,00637L,元大滬深300正2,17.61
32,"4,294","36,754,000","653,343,880",17.82,20191002,17.71,17.88,0.0,0.13,00637L,元大滬深300正2,17.8
33,"6,154","45,832,000","821,623,100",17.95,20191001,17.87,18.0,0.0,0.17,00637L,元大滬深300正2,17.94
34,"6,645","85,594,000","1,553,188,630",18.12,20190927,18.06,18.25,0.0,0.13,00637L,元大滬深300正2,18.23
35,"7,249","82,897,200","1,520,828,190",18.25,20190926,18.24,18.48,0.0,0.04,00637L,元大滬深300正2,18.38
36,"7,091","61,814,600","1,126,573,040",18.29,20190925,18.13,18.35,0.0,0.12,00637L,元大滬深300正2,18.22
37,"9,861","96,345,800","1,768,689,870",18.41,20190924,18.23,18.5,0.0,0.35,00637L,元大滬深300正2,18.25
38,"19,713","155,962,198","2,840,401,637",18.06,20190923,18.06,18.54,0.0,0.62,00637L,元大滬深300正2,18.44
39,"6,845","55,353,321","1,030,791,256",18.68,20190920,18.52,18.68,0.0,0.31,00637L,元大滬深300正2,18.52
40,"8,326","92,763,650","1,718,622,016",18.37,20190919,18.37,18.71,0.0,0.18,00637L,元大滬深300正2,18.61
41,"6,386","75,674,928","1,401,269,963",18.55,20190918,18.4,18.64,0.0,0.1,00637L,元大滬深300正2,18.41
42,"9,199","76,185,200","1,415,084,680",18.45,20190917,18.45,18.75,0.0,0.3,00637L,元大滬深300正2,18.75
43,"8,340","80,409,646","1,516,636,339",18.75,20190916,18.71,19.04,0.0,0.12,00637L,元大滬深300正2,19.0
44,"7,232","89,618,484","1,689,360,175",18.87,20190912,18.77,18.92,0.0,0.2,00637L,元大滬深300正2,18.9
45,"13,233","127,392,812","2,390,837,719",18.67,20190911,18.53,19.01,0.0,0.09,00637L,元大滬深300正2,18.99
46,"10,647","84,789,254","1,602,572,302",18.76,20190910,18.74,19.23,0.0,0.27,00637L,元大滬深300正2,19.14
47,"11,572","131,202,976","2,517,160,140",19.03,20190909,19.01,19.33,0.0,0.1,00637L,元大滬深300正2,19.2
48,"9,088","99,770,702","1,888,735,460",18.93,20190906,18.78,19.05,0.0,0.09,00637L,元大滬深300正2,19.04
49,"25,168","269,890,550","5,093,752,097",19.02,20190905,18.5,19.19,0.0,0.74,00637L,元大滬深300正2,18.5
50,"12,814","159,837,607","2,921,393,534",18.28,20190904,18.1,18.42,0.0,0.27,00637L,元大滬深300正2,18.11
51,"6,857","76,840,510","1,391,886,070",18.01,20190903,18.01,18.21,0.0,0.16,00637L,元大滬深300正2,18.17
52,"12,100","136,075,587","2,456,651,854",18.17,20190902,17.81,18.17,0.0,0.33,00637L,元大滬深300正2,17.84
53,"9,558","108,297,999","1,937,691,402",17.84,20190830,17.79,18.0,0.0,0.23,00637L,元大滬深300正2,17.9
54,"13,376","113,476,100","1,991,011,845",17.61,20190829,17.39,17.78,0.0,0.06,00637L,元大滬深300正2,17.76
55,"14,063","151,574,800","2,698,381,620",17.67,20190828,17.64,18.02,0.0,0.34,00637L,元大滬深300正2,17.94
56,"13,962","168,975,070","3,032,967,097",18.01,20190827,17.72,18.16,0.0,0.5,00637L,元大滬深300正2,17.72
57,"14,269","160,463,500","2,815,674,505",17.51,20190826,17.4,17.75,0.0,0.62,00637L,元大滬深300正2,17.51
58,"19,738","223,646,311","4,028,111,475",18.13,20190823,17.72,18.21,0.0,0.56,00637L,元大滬深300正2,17.72
59,"7,897","85,445,061","1,513,780,862",17.57,20190822,17.57,17.84,0.0,0.12,00637L,元大滬深300正2,17.8
60,"5,033","53,900,250","952,291,175",17.69,20190821,17.58,17.74,0.0,0.03,00637L,元大滬深300正2,17.59
61,"13,465","145,481,448","2,566,570,018",17.72,20190820,17.5,17.76,0.0,0.18,00637L,元大滬深300正2,17.6
62,"18,625","202,041,900","3,501,623,618",17.54,20190819,17.11,17.57,0.0,0.39,00637L,元大滬深300正2,17.3
63,"13,276","150,682,172","2,567,736,469",17.15,20190816,16.76,17.22,0.0,0.44,00637L,元大滬深300正2,16.9
64,"10,242","102,176,000","1,693,173,010",16.71,20190815,16.39,16.73,0.0,0.09,00637L,元大滬深300正2,16.49
65,"12,117","124,528,150","2,120,920,841",16.8,20190814,16.8,17.18,0.0,0.15,00637L,元大滬深300正2,17.15
66,"9,395","117,202,899","1,964,378,915",16.65,20190813,16.63,16.91,0.0,0.1,00637L,元大滬深300正2,16.66
67,"10,264","98,508,972","1,641,813,579",16.75,20190812,16.35,16.86,0.0,0.16,00637L,元大滬深300正2,16.42
