,成交筆數,成交股數,成交金額,收盤價,日期,最低價,最高價,本益比,漲跌價差,證券代號,證券名稱,開盤價
0,4,"22,000","1,077,600",49.00,20191212,48.80,49.00,0.00,0.20,0058,富邦發達,48.80
1,9,"27,000","1,312,130",48.8,20191211,48.43,48.8,0.0,0.01,58,富邦發達,48.55
2,6,"21,000","1,023,230",48.81,20191210,48.6,48.81,0.0,0.29,58,富邦發達,48.6
3,7,"21,000","1,030,840",49.1,20191209,48.85,49.25,0.0,0.49,58,富邦發達,49.1
4,4,"21,000","1,020,810",48.61,20191206,48.61,48.61,0.0,0.14,58,富邦發達,48.61
5,5,"21,000","1,020,130",48.75,20191205,48.45,48.75,0.0,0.35,58,富邦發達,48.45
6,5,"22,000","1,064,570",48.4,20191204,48.28,48.4,0.0,0.46,58,富邦發達,48.29
7,5,"28,000","1,365,280",48.86,20191203,48.25,48.86,0.0,0.5,58,富邦發達,48.25
8,8,"51,000","2,450,250",48.36,20191202,47.81,48.36,0.0,0.04,58,富邦發達,48.11
9,4,"21,000","1,016,940",48.32,20191129,48.32,48.55,0.0,0.3,58,富邦發達,48.55
10,6,"25,000","1,218,190",48.62,20191128,48.62,48.85,0.0,0.22,58,富邦發達,48.84
11,10,"37,000","1,807,330",48.84,20191127,48.64,48.97,0.0,0.14,58,富邦發達,48.75
12,7,"25,000","1,222,980",48.98,20191126,48.62,48.98,0.0,0.12,58,富邦發達,48.63
13,3,"21,000","1,026,040",48.86,20191125,48.84,48.86,0.0,0.36,58,富邦發達,48.84
14,5,"26,000","1,260,700",48.5,20191122,48.44,48.5,0.0,0.0,58,富邦發達,48.5
15,5,"31,000","1,499,370",48.5,20191121,48.11,48.5,0.0,0.47,58,富邦發達,48.13
16,4,"22,000","1,076,810",48.97,20191120,48.66,48.97,0.0,0.19,58,富邦發達,48.75
17,7,"24,000","1,175,880",49.16,20191119,48.87,49.16,0.0,0.25,58,富邦發達,48.87
18,2,"20,000","978,200",48.91,20191118,48.91,48.91,0.0,0.11,58,富邦發達,48.91
19,7,"25,000","1,218,600",48.8,20191115,48.39,48.8,0.0,0.2,58,富邦發達,48.7
20,9,"28,000","1,358,380",48.6,20191114,48.22,48.74,0.0,0.21,58,富邦發達,48.74
21,5,"23,000","1,121,870",48.81,20191113,48.48,48.81,0.0,0.1,58,富邦發達,48.48
22,2,"20,000","978,200",48.91,20191112,48.91,48.91,0.0,0.15,58,富邦發達,48.91
23,3,"21,000","1,024,050",48.76,20191111,48.76,48.85,0.0,0.7,58,富邦發達,48.85
24,4,"22,000","1,088,160",49.46,20191108,49.46,49.48,0.0,0.28,58,富邦發達,49.48
25,8,"20,000","983,850",49.18,20191107,49.15,49.26,0.0,0.13,58,富邦發達,49.23
26,5,"31,000","1,527,550",49.31,20191106,49.15,49.31,0.0,0.14,58,富邦發達,49.23
27,4,"22,000","1,087,400",49.45,20191105,49.2,49.45,0.0,0.24,58,富邦發達,49.2
28,5,"23,000","1,130,070",49.21,20191104,48.61,49.21,0.0,0.73,58,富邦發達,48.64
29,3,"21,000","1,017,890",48.48,20191101,48.29,48.48,0.0,0.19,58,富邦發達,48.29
30,2,"20,000","965,800",48.29,20191031,48.29,48.29,0.0,0.3,58,富邦發達,48.29
31,4,"21,000","1,007,790",47.99,20191030,47.99,47.99,0.0,0.0,58,富邦發達,47.99
32,6,"24,000","1,152,540",47.99,20191029,47.99,48.21,0.0,0.11,58,富邦發達,48.21
33,10,"34,000","1,629,240",48.1,20191028,47.55,48.1,0.0,0.26,58,富邦發達,47.8
34,3,"20,000","956,800",47.84,20191025,47.84,47.84,0.0,0.0,58,富邦發達,47.84
35,5,"23,000","1,101,020",47.84,20191024,47.74,47.88,0.0,0.04,58,富邦發達,47.74
36,6,"26,000","1,243,480",47.88,20191023,47.46,47.88,0.0,0.02,58,富邦發達,47.76
37,3,"21,000","1,005,950",47.9,20191022,47.9,47.95,0.0,0.21,58,富邦發達,47.95
38,7,"25,000","1,191,960",47.69,20191021,47.52,47.72,0.0,0.14,58,富邦發達,47.52
39,7,"25,000","1,188,210",47.55,20191018,47.21,47.63,0.0,0.34,58,富邦發達,47.21
40,4,"23,000","1,084,840",47.21,20191017,47.16,47.22,0.0,0.13,58,富邦發達,47.22
41,3,"21,000","988,800",47.08,20191016,47.08,47.2,0.0,0.11,58,富邦發達,47.2
42,4,"22,000","1,033,500",46.97,20191015,46.97,47.05,0.0,0.01,58,富邦發達,47.05
43,2,"20,000","939,200",46.96,20191014,46.96,46.96,0.0,0.46,58,富邦發達,46.96
44,2,"20,000","930,000",46.5,20191009,46.5,46.5,0.0,0.33,58,富邦發達,46.5
45,5,"24,000","1,124,270",46.83,20191008,46.83,46.92,0.0,0.16,58,富邦發達,46.92
46,8,"30,000","1,399,100",46.67,20191007,46.41,46.73,0.0,0.36,58,富邦發達,46.44
47,2,"20,000","926,200",46.31,20191004,46.31,46.31,0.0,0.14,58,富邦發達,46.31
48,5,"23,000","1,067,310",46.45,20191003,46.4,46.46,0.0,0.25,58,富邦發達,46.4
49,4,"22,000","1,027,550",46.7,20191002,46.7,46.78,0.0,0.02,58,富邦發達,46.77
50,4,"22,000","1,028,130",46.72,20191001,46.72,46.9,0.0,0.01,58,富邦發達,46.83
51,30,"3,506,000","162,308,120",46.73,20190927,46.28,46.73,0.0,0.02,58,富邦發達,46.55
52,4,"24,000","1,121,920",46.75,20190926,46.64,47.0,0.0,0.09,58,富邦發達,47.0
53,2,"20,000","933,200",46.66,20190925,46.66,46.66,0.0,0.32,58,富邦發達,46.66
54,3,"21,000","986,700",46.98,20190924,46.98,47.1,0.0,0.12,58,富邦發達,47.1
55,3,"22,000","1,036,400",47.1,20190923,47.1,47.2,0.0,0.07,58,富邦發達,47.2
56,3,"21,000","987,650",47.03,20190920,47.03,47.05,0.0,0.15,58,富邦發達,47.05
57,6,"24,000","1,125,480",46.88,20190919,46.88,46.97,0.0,0.12,58,富邦發達,46.97
58,12,"31,000","1,447,960",46.76,20190918,46.62,46.77,0.0,0.05,58,富邦發達,46.63
59,3,"21,000","983,210",46.81,20190917,46.81,47.01,0.0,0.19,58,富邦發達,47.01
60,3,"21,000","987,030",47.0,20190916,47.0,47.03,0.0,0.2,58,富邦發達,47.03
61,3,"21,000","982,820",46.8,20190912,46.8,46.82,0.0,0.38,58,富邦發達,46.82
62,2,"20,000","928,400",46.42,20190911,46.42,46.42,0.0,0.24,58,富邦發達,46.42
63,4,"22,000","1,016,400",46.18,20190910,46.18,46.4,0.0,0.22,58,富邦發達,46.4
64,4,"22,000","1,021,200",46.4,20190909,46.4,46.6,0.0,0.14,58,富邦發達,46.6
65,2,"20,000","930,800",46.54,20190906,46.54,46.54,0.0,0.18,58,富邦發達,46.54
66,2,"20,000","927,200",46.36,20190905,46.36,46.36,0.0,0.38,58,富邦發達,46.36
67,2,"20,000","919,600",45.98,20190904,45.98,45.98,0.0,0.1,58,富邦發達,45.98
68,4,"22,000","1,009,620",45.88,20190903,45.88,46.01,0.0,0.01,58,富邦發達,46.01
69,2,"20,000","917,400",45.87,20190902,45.87,45.87,0.0,0.23,58,富邦發達,45.87
70,4,"22,000","1,005,460",45.64,20190830,45.62,45.71,0.0,0.74,58,富邦發達,45.71
71,3,"21,000","942,890",44.9,20190829,44.89,44.9,0.0,0.05,58,富邦發達,44.89
72,3,"21,000","941,970",44.85,20190828,44.85,44.97,0.0,0.05,58,富邦發達,44.97
73,5,"23,000","1,033,130",44.9,20190827,44.9,45.05,0.0,0.1,58,富邦發達,45.04
74,2,"20,000","896,000",44.8,20190826,44.8,44.8,0.0,0.67,58,富邦發達,44.8
75,4,"22,000","1,000,340",45.47,20190823,45.47,45.47,0.0,0.07,58,富邦發達,45.47
76,3,"21,000","953,340",45.4,20190822,45.34,45.4,0.0,0.12,58,富邦發達,45.34
77,3,"21,000","954,520",45.52,20190821,45.45,45.52,0.0,0.2,58,富邦發達,45.45
78,4,"22,000","996,940",45.32,20190820,45.27,45.32,0.0,0.09,58,富邦發達,45.27
79,4,"21,000","949,750",45.23,20190819,45.15,45.23,0.0,0.08,58,富邦發達,45.15
80,2,"20,000","903,000",45.15,20190816,45.15,45.15,0.0,0.41,58,富邦發達,45.15
81,2,"20,000","894,800",44.74,20190815,44.74,44.74,0.0,0.68,58,富邦發達,44.74
82,7,"27,000","1,227,560",45.42,20190814,45.42,45.65,0.0,0.3,58,富邦發達,45.61
83,8,"38,000","1,712,950",45.12,20190813,44.99,45.19,0.0,0.44,58,富邦發達,45.19
84,2,"20,000","911,200",45.56,20190812,45.56,45.56,0.0,0.09,58,富邦發達,45.56
