,成交筆數,成交股數,成交金額,收盤價,日期,最低價,最高價,本益比,漲跌價差,證券代號,證券名稱,開盤價
0,35,"216,374","5,136,734",23.72,20191231,23.72,23.78,0.00,0.11,00701,國泰股利精選30,23.78
1,44,"229,653","5,470,342",23.83,20191230,23.8,23.84,0.0,0.02,701,國泰股利精選30,23.81
2,21,"228,889","5,446,759",23.81,20191227,23.75,23.81,0.0,0.04,701,國泰股利精選30,23.75
3,26,"234,478","5,568,889",23.77,20191226,23.74,23.79,0.0,0.0,701,國泰股利精選30,23.79
4,31,"223,529","5,305,508",23.77,20191225,23.72,23.77,0.0,0.01,701,國泰股利精選30,23.75
5,28,"257,936","6,136,467",23.78,20191224,23.78,23.8,0.0,0.04,701,國泰股利精選30,23.8
6,35,"271,074","6,443,225",23.82,20191223,23.74,23.82,0.0,0.04,701,國泰股利精選30,23.74
7,41,"254,888","6,055,589",23.78,20191220,23.67,23.78,0.0,0.09,701,國泰股利精選30,23.7
8,25,"338,088","8,006,186",23.69,20191219,23.68,23.73,0.0,0.02,701,國泰股利精選30,23.73
9,35,"293,516","6,947,777",23.71,20191218,23.64,23.71,0.0,0.07,701,國泰股利精選30,23.64
10,41,"446,002","10,522,625",23.64,20191217,23.54,23.64,0.0,0.09,701,國泰股利精選30,23.56
11,38,"235,841","5,569,524",23.55,20191216,23.55,23.68,0.0,0.06,701,國泰股利精選30,23.68
12,49,"519,931","12,255,330",23.61,20191213,23.47,23.62,0.0,0.13,701,國泰股利精選30,23.47
13,51,"346,146","8,119,607",23.48,20191212,23.4,23.48,0.0,0.15,701,國泰股利精選30,23.42
14,28,"228,640","5,330,625",23.33,20191211,23.3,23.33,0.0,0.04,701,國泰股利精選30,23.3
15,31,"229,538","5,350,516",23.29,20191210,23.29,23.32,0.0,0.04,701,國泰股利精選30,23.32
16,24,"83,742","1,953,216",23.33,20191209,23.3,23.37,0.0,0.01,701,國泰股利精選30,23.32
17,11,"44,261","1,035,379",23.32,20191206,23.3,23.43,0.0,0.02,701,國泰股利精選30,23.43
18,16,"38,782","904,326",23.3,20191205,23.3,23.36,0.0,0.01,701,國泰股利精選30,23.36
19,22,"32,228","750,044",23.29,20191204,23.25,23.33,0.0,0.05,701,國泰股利精選30,23.33
20,20,"41,980","979,430",23.34,20191203,23.26,23.38,0.0,0.08,701,國泰股利精選30,23.26
21,14,"22,882","532,292",23.26,20191202,23.26,23.29,0.0,0.03,701,國泰股利精選30,23.29
22,15,"51,200","1,194,728",23.29,20191129,23.29,23.38,0.0,0.21,701,國泰股利精選30,23.38
23,17,"19,769","464,771",23.5,20191128,23.5,23.54,0.0,0.03,701,國泰股利精選30,23.54
24,16,"16,912","397,522",23.53,20191127,23.48,23.55,0.0,0.03,701,國泰股利精選30,23.55
25,32,"64,584","1,522,683",23.56,20191126,23.52,23.63,0.0,0.08,701,國泰股利精選30,23.63
26,32,"26,086","612,400",23.48,20191125,23.45,23.5,0.0,0.03,701,國泰股利精選30,23.47
27,32,"46,062","1,077,888",23.45,20191122,23.36,23.45,0.0,0.07,701,國泰股利精選30,23.4
28,18,"16,308","381,292",23.38,20191121,23.37,23.43,0.0,0.14,701,國泰股利精選30,23.43
29,18,"32,411","762,578",23.52,20191120,23.51,23.55,0.0,0.01,701,國泰股利精選30,23.51
30,28,"78,231","1,837,937",23.51,20191119,23.45,23.56,0.0,0.01,701,國泰股利精選30,23.5
31,38,"92,127","2,163,807",23.5,20191118,23.45,23.5,0.0,0.05,701,國泰股利精選30,23.5
32,13,"26,297","616,657",23.45,20191115,23.45,23.45,0.0,0.08,701,國泰股利精選30,23.45
33,15,"26,270","613,371",23.37,20191114,23.34,23.39,0.0,0.04,701,國泰股利精選30,23.39
34,22,"45,779","1,072,758",23.41,20191113,23.4,23.48,0.0,0.07,701,國泰股利精選30,23.45
35,27,"74,638","1,752,441",23.48,20191112,23.43,23.52,0.0,0.1,701,國泰股利精選30,23.43
36,44,"45,095","1,056,807",23.38,20191111,23.38,23.58,0.0,0.2,701,國泰股利精選30,23.55
37,50,"85,236","2,008,232",23.58,20191108,23.5,23.62,0.0,0.01,701,國泰股利精選30,23.59
38,34,"82,959","1,955,684",23.59,20191107,23.51,23.66,0.0,0.03,701,國泰股利精選30,23.62
39,34,"70,581","1,665,593",23.62,20191106,23.52,23.64,0.0,0.17,701,國泰股利精選30,23.64
40,27,"56,537","1,326,037",23.45,20191105,23.43,23.5,0.0,0.06,701,國泰股利精選30,23.43
41,53,"124,787","2,904,057",23.39,20191104,23.24,23.39,0.0,0.24,701,國泰股利精選30,23.26
42,25,"37,143","859,375",23.15,20191101,23.12,23.16,0.0,0.05,701,國泰股利精選30,23.13
43,42,"75,710","1,758,850",23.2,20191031,23.2,23.27,0.0,0.07,701,國泰股利精選30,23.23
44,38,"62,057","1,434,474",23.13,20191030,23.1,23.13,0.0,0.03,701,國泰股利精選30,23.1
45,23,"48,465","1,119,302",23.1,20191029,23.08,23.12,0.0,0.03,701,國泰股利精選30,23.12
46,35,"87,298","2,014,054",23.07,20191028,23.04,23.13,0.0,0.06,701,國泰股利精選30,23.13
47,12,"35,133","809,128",23.01,20191025,23.01,23.06,0.0,0.0,701,國泰股利精選30,23.06
48,22,"147,000","3,381,370",23.01,20191024,22.97,23.01,0.0,0.02,701,國泰股利精選30,22.99
49,33,"65,126","1,496,173",22.99,20191023,22.92,23.03,0.0,0.03,701,國泰股利精選30,22.96
50,34,"113,912","2,621,776",23.02,20191022,22.97,23.03,0.0,0.09,701,國泰股利精選30,23.01
51,17,"71,330","1,634,649",22.93,20191021,22.88,22.93,0.0,0.05,701,國泰股利精選30,22.88
52,22,"67,597","1,546,858",22.88,20191018,22.85,22.9,0.0,0.02,701,國泰股利精選30,22.89
53,32,"50,505","1,152,723",22.86,20191017,22.8,22.86,0.0,0.05,701,國泰股利精選30,22.8
54,46,"132,758","3,025,501",22.81,20191016,22.73,22.9,0.0,0.14,701,國泰股利精選30,22.9
55,28,"688,560","15,624,151",22.67,20191015,22.63,22.8,0.0,0.06,701,國泰股利精選30,22.63
56,33,"38,338","871,034",22.73,20191014,22.68,22.74,0.0,0.18,701,國泰股利精選30,22.68
57,16,"17,270","390,124",22.55,20191009,22.55,22.66,0.0,0.13,701,國泰股利精選30,22.66
58,32,"37,830","859,394",22.68,20191008,22.64,22.75,0.0,0.09,701,國泰股利精選30,22.64
59,18,"98,810","2,233,286",22.59,20191007,22.59,22.63,0.0,0.03,701,國泰股利精選30,22.61
60,10,"91,136","2,057,848",22.56,20191004,22.56,22.59,0.0,0.0,701,國泰股利精選30,22.57
61,25,"46,640","1,051,119",22.56,20191003,22.49,22.56,0.0,0.2,701,國泰股利精選30,22.53
62,17,"39,401","897,013",22.76,20191002,22.76,22.78,0.0,0.04,701,國泰股利精選30,22.78
63,26,"43,276","985,335",22.8,20191001,22.74,22.8,0.0,0.07,701,國泰股利精選30,22.75
64,18,"36,305","825,960",22.73,20190927,22.73,22.77,0.0,0.04,701,國泰股利精選30,22.75
65,15,"39,196","893,552",22.77,20190926,22.77,22.81,0.0,0.02,701,國泰股利精選30,22.81
66,23,"170,087","3,877,014",22.79,20190925,22.77,22.87,0.0,0.11,701,國泰股利精選30,22.87
67,31,"36,900","844,287",22.9,20190924,22.87,22.9,0.0,0.03,701,國泰股利精選30,22.9
68,31,"35,608","817,056",22.93,20190923,22.93,22.97,0.0,0.02,701,國泰股利精選30,22.96
69,28,"29,930","685,848",22.91,20190920,22.91,22.93,0.0,0.01,701,國泰股利精選30,22.92
70,27,"66,614","1,528,447",22.92,20190919,22.92,22.97,0.0,0.06,701,國泰股利精選30,22.96
71,33,"166,822","3,824,505",22.98,20190918,22.85,22.98,0.0,0.11,701,國泰股利精選30,22.87
72,35,"76,205","1,741,154",22.87,20190917,22.81,22.88,0.0,0.02,701,國泰股利精選30,22.85
73,39,"179,795","4,105,294",22.85,20190916,22.82,22.88,0.0,0.03,701,國泰股利精選30,22.88
74,39,"73,168","1,670,599",22.82,20190912,22.81,22.85,0.0,0.07,701,國泰股利精選30,22.83
75,40,"149,076","3,391,532",22.75,20190911,22.73,22.78,0.0,0.03,701,國泰股利精選30,22.78
76,63,"196,587","4,460,554",22.72,20190910,22.64,22.72,0.0,0.14,701,國泰股利精選30,22.64
77,51,"92,008","2,074,755",22.58,20190909,22.49,22.58,0.0,0.12,701,國泰股利精選30,22.5
78,35,"100,252","2,248,846",22.46,20190906,22.41,22.46,0.0,0.09,701,國泰股利精選30,22.46
79,23,"37,086","829,756",22.37,20190905,22.35,22.4,0.0,0.11,701,國泰股利精選30,22.35
80,31,"100,134","2,225,219",22.26,20190904,22.19,22.26,0.0,0.02,701,國泰股利精選30,22.19
81,28,"56,956","1,267,858",22.24,20190903,22.24,22.28,0.0,0.01,701,國泰股利精選30,22.25
82,32,"38,818","863,307",22.25,20190902,22.2,22.25,0.0,0.08,701,國泰股利精選30,22.2
83,30,"68,909","1,525,232",22.17,20190830,22.11,22.17,0.0,0.17,701,國泰股利精選30,22.12
84,19,"21,462","471,512",22.0,20190829,21.96,22.0,0.0,0.01,701,國泰股利精選30,21.98
85,23,"64,181","1,411,762",22.01,20190828,21.99,22.02,0.0,0.06,701,國泰股利精選30,21.99
86,11,"12,099","265,800",21.95,20190827,21.95,22.03,0.0,0.03,701,國泰股利精選30,22.03
87,31,"131,550","2,890,848",21.98,20190826,21.95,22.0,0.0,0.19,701,國泰股利精選30,21.99
88,12,"8,664","191,872",22.17,20190823,22.12,22.17,0.0,0.05,701,國泰股利精選30,22.12
89,19,"43,798","968,779",22.12,20190822,22.11,22.13,0.0,0.01,701,國泰股利精選30,22.13
90,26,"111,406","2,466,082",22.13,20190821,22.13,22.15,0.0,0.05,701,國泰股利精選30,22.13
91,29,"52,460","1,164,521",22.18,20190820,22.18,22.21,0.0,0.02,701,國泰股利精選30,22.18
92,20,"36,514","808,862",22.2,20190819,22.12,22.22,0.0,0.07,701,國泰股利精選30,22.13
93,39,"64,674","1,417,947",22.13,20190816,21.8,22.16,0.0,0.27,701,國泰股利精選30,21.86
94,20,"18,301","399,862",21.86,20190815,21.82,21.88,0.0,0.1,701,國泰股利精選30,21.83
95,19,"20,624","453,990",21.96,20190814,21.96,22.07,0.0,0.03,701,國泰股利精選30,22.07
96,21,"16,871","370,217",21.93,20190813,21.92,21.99,0.0,0.17,701,國泰股利精選30,21.98
97,41,"36,804","812,373",22.1,20190812,22.0,22.15,0.0,0.08,701,國泰股利精選30,22.05
