,成交筆數,成交股數,成交金額,收盤價,日期,最低價,最高價,本益比,漲跌價差,證券代號,證券名稱,開盤價
0,21,"118,000","2,100,200",17.80,20191231,17.70,17.80,0.00,0.00,01003T,兆豐新光R1,17.80
1,8,"23,000","409,400",17.80,20191230,17.80,17.80,0.0,0.0,01003T,兆豐新光R1,17.80
2,9,"142,000","2,526,250",17.80,20191227,17.75,17.80,0.0,0.07,01003T,兆豐新光R1,17.80
3,9,"258,000","4,610,940",17.87,20191226,17.87,17.88,0.0,0.01,01003T,兆豐新光R1,17.88
4,14,"48,000","858,440",17.88,20191225,17.88,17.89,0.0,0.0,01003T,兆豐新光R1,17.88
5,4,"17,242","308,437",17.88,20191224,17.88,17.88,0.0,0.03,01003T,兆豐新光R1,17.88
6,15,"20,041,000","370,731,840",17.85,20191223,17.80,17.88,0.0,0.0,01003T,兆豐新光R1,17.86
7,9,"23,017,000","425,804,150",17.85,20191220,17.85,17.90,0.0,0.05,01003T,兆豐新光R1,17.90
8,49,"93,954","1,682,249",17.90,20191219,17.85,17.90,0.0,0.0,01003T,兆豐新光R1,17.85
9,10,"13,500,000","249,750,000",--,20191218,--,--,0.0,0.0,01003T,兆豐新光R1,--
10,41,"41,908","743,658",18.00,20191217,17.70,18.00,0.0,0.2,01003T,兆豐新光R1,17.70
11,50,"51,000","908,250",17.80,20191216,17.75,17.85,0.0,0.05,01003T,兆豐新光R1,17.75
12,55,"55,000","981,750",17.85,20191213,17.85,17.85,0.0,0.0,01003T,兆豐新光R1,17.85
13,49,"49,000","874,650",17.85,20191212,17.85,17.85,0.0,0.0,01003T,兆豐新光R1,17.85
14,48,"49,000","874,670",17.85,20191211,17.85,17.86,0.0,0.1,01003T,兆豐新光R1,17.86
15,3,"3,910","70,817",17.95,20191210,17.90,17.95,0.0,0.05,01003T,兆豐新光R1,17.90
16,1,"1,000","17,900",17.90,20191209,17.90,17.90,0.0,0.0,01003T,兆豐新光R1,17.90
17,0,0,0,--,20191206,--,--,0.0,0.0,01003T,兆豐新光R1,--
18,4,"23,000","411,450",17.90,20191205,17.65,17.90,0.0,0.0,01003T,兆豐新光R1,17.90
19,9,"27,192","485,615",17.90,20191204,17.85,17.90,0.0,0.1,01003T,兆豐新光R1,17.85
20,37,"3,908","72,755",17.80,20191203,17.80,17.80,0.0,0.0,01003T,兆豐新光R1,17.80
21,3,"3,000","53,400",17.80,20191202,17.80,17.80,0.0,0.0,01003T,兆豐新光R1,17.80
22,2,"4,000","71,200",17.80,20191129,17.80,17.80,0.0,0.0,01003T,兆豐新光R1,17.80
23,0,0,0,--,20191128,--,--,0.0,0.0,01003T,兆豐新光R1,--
24,29,"334,189","5,950,500",17.76,20191127,17.75,17.85,0.0,0.02,01003T,兆豐新光R1,17.80
25,1,"1,000","17,740",17.74,20191126,17.74,17.74,0.0,0.03,01003T,兆豐新光R1,17.74
26,6,"6,000","106,740",17.77,20191125,17.77,17.81,0.0,0.03,01003T,兆豐新光R1,17.81
27,7,"8,902","159,308",17.80,20191122,17.75,17.80,0.0,0.0,01003T,兆豐新光R1,17.76
28,8,"8,902","159,347",17.80,20191121,17.70,17.80,0.0,0.15,01003T,兆豐新光R1,17.70
29,5,"9,000","161,200",17.95,20191120,17.88,17.95,0.0,0.05,01003T,兆豐新光R1,17.88
30,2,"2,000","35,800",17.90,20191119,17.90,17.90,0.0,0.01,01003T,兆豐新光R1,17.90
31,8,"14,902","263,838",17.89,20191118,17.51,17.90,0.0,0.09,01003T,兆豐新光R1,17.51
32,4,"6,000","106,300",17.80,20191115,17.70,17.80,0.0,0.04,01003T,兆豐新光R1,17.70
33,5,"8,000","142,200",17.76,20191114,17.76,17.80,0.0,0.01,01003T,兆豐新光R1,17.76
34,4,"14,000","248,590",17.75,20191113,17.75,17.78,0.0,0.01,01003T,兆豐新光R1,17.75
35,7,"20,000","355,940",17.74,20191112,17.74,17.80,0.0,0.01,01003T,兆豐新光R1,17.80
36,24,"513,000","9,664,360",17.75,20191111,17.56,19.00,0.0,0.19,01003T,兆豐新光R1,17.70
37,2,"3,000","52,660",17.56,20191108,17.55,17.56,0.0,0.01,01003T,兆豐新光R1,17.55
38,5,"4,635","81,449",17.55,20191107,17.55,17.56,0.0,0.0,01003T,兆豐新光R1,17.56
39,1,"1,000","17,550",17.55,20191106,17.55,17.55,0.0,0.05,01003T,兆豐新光R1,17.55
40,3,"2,924","52,648",17.50,20191105,17.50,17.50,0.0,0.03,01003T,兆豐新光R1,17.50
41,18,"296,000","5,235,870",17.47,20191104,17.40,17.70,0.0,0.14,01003T,兆豐新光R1,17.50
42,18,"80,182","1,389,605",17.33,20191101,17.31,17.40,0.0,0.08,01003T,兆豐新光R1,17.32
43,5,"26,000","452,660",17.41,20191031,17.41,17.41,0.0,0.01,01003T,兆豐新光R1,17.41
44,3,"5,000","86,900",17.40,20191030,17.30,17.40,0.0,0.01,01003T,兆豐新光R1,17.30
45,2,"2,000","34,820",17.41,20191029,17.41,17.41,0.0,0.01,01003T,兆豐新光R1,17.41
46,8,"16,000","279,090",17.40,20191028,17.40,17.45,0.0,0.05,01003T,兆豐新光R1,17.45
47,3,"3,920","69,738",17.45,20191025,17.45,17.45,0.0,0.0,01003T,兆豐新光R1,17.45
48,2,"10,000","174,500",17.45,20191024,17.45,17.45,0.0,0.01,01003T,兆豐新光R1,17.45
49,5,"9,000","157,220",17.46,20191023,17.46,17.47,0.0,0.0,01003T,兆豐新光R1,17.47
50,19,"60,000","1,046,270",17.46,20191022,17.00,17.70,0.0,0.22,01003T,兆豐新光R1,17.70
51,1,"2,000","35,360",17.68,20191021,17.68,17.68,0.0,0.02,01003T,兆豐新光R1,17.68
52,1,"1,000","17,700",17.70,20191018,17.70,17.70,0.0,0.05,01003T,兆豐新光R1,17.70
53,3,"5,000","88,250",17.65,20191017,17.65,17.65,0.0,0.1,01003T,兆豐新光R1,17.65
54,12,"99,000","1,755,010",17.55,20191016,17.48,17.80,0.0,0.13,01003T,兆豐新光R1,17.48
55,18,"129,952","2,298,344",17.42,20191015,17.40,17.80,0.0,0.03,01003T,兆豐新光R1,17.40
56,3,"32,000","559,890",17.39,20191014,17.39,17.50,0.0,0.02,01003T,兆豐新光R1,17.50
57,10,"46,000","804,530",17.37,20191009,17.37,17.50,0.0,0.02,01003T,兆豐新光R1,17.42
58,3,"4,000","69,400",17.35,20191008,17.35,17.35,0.0,0.0,01003T,兆豐新光R1,17.35
59,1,"1,000","17,350",17.35,20191007,17.35,17.35,0.0,0.01,01003T,兆豐新光R1,17.35
60,9,"19,100","331,350",17.34,20191004,17.34,17.34,0.0,0.0,01003T,兆豐新光R1,17.34
61,0,0,0,--,20191003,--,--,0.0,0.0,01003T,兆豐新光R1,--
62,13,"93,000","1,612,150",17.31,20191002,17.31,17.35,0.0,0.0,01003T,兆豐新光R1,17.31
63,23,"171,992","2,988,179",17.31,20191001,17.30,17.94,0.0,0.06,01003T,兆豐新光R1,17.94
64,33,"153,000","2,674,230",17.25,20190927,17.22,17.55,0.0,0.03,01003T,兆豐新光R1,17.22
65,31,"239,024","4,132,738",17.22,20190926,17.20,17.45,0.0,0.01,01003T,兆豐新光R1,17.21
66,10,"97,001","1,694,507",17.21,20190925,17.21,17.55,0.0,0.04,01003T,兆豐新光R1,17.40
67,12,"89,000","1,549,310",17.17,20190924,17.17,17.50,0.0,0.04,01003T,兆豐新光R1,17.25
68,24,"132,000","2,298,770",17.13,20190923,16.98,17.52,0.0,0.24,01003T,兆豐新光R1,17.30
69,14,"111,000","1,925,010",16.89,20190920,16.89,17.40,0.0,0.02,01003T,兆豐新光R1,17.28
70,13,"115,000","1,987,590",16.87,20190919,16.83,17.35,0.0,0.11,01003T,兆豐新光R1,17.24
71,5,"6,000","102,750",16.98,20190918,16.96,17.28,0.0,0.02,01003T,兆豐新光R1,16.96
72,3,"3,000","50,860",16.96,20190917,16.95,16.96,0.0,0.0,01003T,兆豐新光R1,16.95
73,2,"2,000","33,820",16.96,20190916,16.86,16.96,0.0,0.1,01003T,兆豐新光R1,16.86
74,12,"88,000","1,525,260",16.86,20190912,16.86,17.40,0.0,0.13,01003T,兆豐新光R1,17.25
75,9,"85,000","1,463,370",16.99,20190911,16.98,17.25,0.0,0.06,01003T,兆豐新光R1,17.20
76,8,"58,000","995,660",16.93,20190910,16.93,17.20,0.0,0.0,01003T,兆豐新光R1,17.14
77,0,0,0,--,20190909,--,--,0.0,0.0,01003T,兆豐新光R1,--
78,33,"153,104","2,646,653",16.84,20190906,16.84,17.50,0.0,0.05,01003T,兆豐新光R1,17.13
79,15,"91,000","1,554,250",16.79,20190905,16.75,17.15,0.0,0.04,01003T,兆豐新光R1,16.75
80,21,"244,625","4,160,358",16.75,20190904,16.75,17.10,0.0,0.0,01003T,兆豐新光R1,16.90
81,0,0,0,--,20190903,--,--,0.0,0.0,01003T,兆豐新光R1,--
82,40,"3,350,000","50,989,810",16.70,20190902,16.65,17.05,0.0,0.06,01003T,兆豐新光R1,16.65
83,6,"12,000","199,680",16.64,20190830,16.64,16.64,0.0,0.03,01003T,兆豐新光R1,16.64
84,16,"171,000","2,877,460",16.67,20190829,16.67,17.00,0.0,0.0,01003T,兆豐新光R1,16.69
85,0,0,0,--,20190828,--,--,0.0,0.0,01003T,兆豐新光R1,--
86,8,"11,707","196,426",16.66,20190827,16.66,16.91,0.0,0.02,01003T,兆豐新光R1,16.91
87,6,"13,000","218,770",16.64,20190826,16.64,16.86,0.0,0.01,01003T,兆豐新光R1,16.83
88,10,"17,000","285,120",16.63,20190823,16.63,16.91,0.0,0.01,01003T,兆豐新光R1,16.88
89,7,"14,000","234,370",16.62,20190822,16.62,16.95,0.0,0.04,01003T,兆豐新光R1,16.65
90,7,"11,000","186,160",16.66,20190821,16.64,17.04,0.0,0.02,01003T,兆豐新光R1,16.64
91,6,"12,139","205,952",16.64,20190820,16.64,17.1,0.0,0.02,01003T,兆豐新光R1,17.03
92,8,"10,570","177,326",16.62,20190819,16.62,16.75,0.0,0.11,01003T,兆豐新光R1,16.75
93,3,"3,000","50,360",16.73,20190816,16.73,16.9,0.0,0.01,01003T,兆豐新光R1,16.9
94,3,"2,178","36,807",16.72,20190815,16.72,17.07,0.0,0.28,01003T,兆豐新光R1,17.07
95,3,"1,571","27,506",17.0,20190814,17.0,17.0,0.0,0.2,01003T,兆豐新光R1,17.0
96,30,"301,000","5,517,040",16.8,20190813,16.76,18.46,0.0,0.0,01003T,兆豐新光R1,16.8
97,3,"60,000","1,008,000",16.8,20190812,16.8,16.8,0.0,0.01,01003T,兆豐新光R1,16.8
