,成交筆數,成交股數,成交金額,收盤價,日期,最低價,最高價,本益比,漲跌價差,證券代號,證券名稱,開盤價
0,7,"104,135","2,292,890",22.00,20191231,21.94,22.02,0.00,0.11,00714,群益道瓊美國地產,22.02
1,4,"101,100","2,231,319",22.11,20191230,22.07,22.11,0.0,0.0,714,群益道瓊美國地產,22.07
2,5,"101,280","2,239,324",22.11,20191227,22.11,22.24,0.0,0.06,714,群益道瓊美國地產,22.24
3,2,"100,000","2,205,000",22.05,20191226,22.05,22.05,0.0,0.05,714,群益道瓊美國地產,22.05
4,3,"101,000","2,221,980",22.0,20191225,21.98,22.0,0.0,0.06,714,群益道瓊美國地產,21.98
5,5,"103,000","2,259,800",21.94,20191224,21.92,21.94,0.0,0.16,714,群益道瓊美國地產,21.92
6,11,"108,272","2,391,300",22.1,20191223,22.0,22.1,0.0,0.22,714,群益道瓊美國地產,22.0
7,4,"106,000","2,319,100",21.88,20191220,21.85,21.88,0.0,0.16,714,群益道瓊美國地產,21.85
8,9,"110,540","2,400,338",21.72,20191219,21.64,21.73,0.0,0.22,714,群益道瓊美國地產,21.73
9,15,"116,000","2,493,830",21.5,20191218,21.45,21.5,0.0,0.15,714,群益道瓊美國地產,21.49
10,4,"106,000","2,294,660",21.65,20191217,21.61,21.65,0.0,0.05,714,群益道瓊美國地產,21.61
11,10,"119,000","2,571,490",21.6,20191216,21.58,21.63,0.0,0.05,714,群益道瓊美國地產,21.63
12,15,"134,000","2,900,150",21.65,20191213,21.57,21.66,0.0,0.29,714,群益道瓊美國地產,21.57
13,16,"113,701","2,494,806",21.94,20191212,21.91,22.0,0.0,0.2,714,群益道瓊美國地產,22.0
14,5,"103,000","2,286,470",22.14,20191211,22.14,22.2,0.0,0.23,714,群益道瓊美國地產,22.19
15,2,"100,000","2,237,000",22.37,20191210,22.37,22.37,0.0,0.07,714,群益道瓊美國地產,22.37
16,3,"101,000","2,252,300",22.3,20191209,22.3,22.3,0.0,0.04,714,群益道瓊美國地產,22.3
17,5,"105,000","2,345,490",22.34,20191206,22.27,22.34,0.0,0.41,714,群益道瓊美國地產,22.27
18,9,"9,001","198,271",21.93,20191205,21.93,22.23,0.0,0.28,714,群益道瓊美國地產,22.23
19,3,"101,000","2,243,150",22.21,20191204,22.15,22.21,0.0,0.12,714,群益道瓊美國地產,22.15
20,6,"104,000","2,297,120",22.09,20191203,22.0,22.09,0.0,0.35,714,群益道瓊美國地產,22.0
21,7,"106,000","2,378,550",22.44,20191202,22.38,22.45,0.0,0.01,714,群益道瓊美國地產,22.45
22,2,"100,000","2,245,000",22.45,20191129,22.45,22.45,0.0,0.01,714,群益道瓊美國地產,22.45
23,4,"203,000","4,547,320",22.44,20191128,22.4,22.44,0.0,0.13,714,群益道瓊美國地產,22.4
24,5,"8,000","178,340",22.31,20191127,22.28,22.31,0.0,0.17,714,群益道瓊美國地產,22.28
25,6,"102,428","2,267,675",22.14,20191126,22.1,22.14,0.0,0.03,714,群益道瓊美國地產,22.1
26,6,"103,040","2,278,214",22.11,20191125,22.11,22.11,0.0,0.06,714,群益道瓊美國地產,22.11
27,7,"127,000","2,814,400",22.17,20191122,22.11,22.18,0.0,0.22,714,群益道瓊美國地產,22.11
28,5,"100,200","2,243,476",22.39,20191121,22.39,22.39,0.0,0.02,714,群益道瓊美國地產,22.39
29,4,"102,000","2,285,740",22.41,20191120,22.37,22.41,0.0,0.01,714,群益道瓊美國地產,22.37
30,7,"115,273","2,583,280",22.42,20191119,22.34,22.42,0.0,0.16,714,群益道瓊美國地產,22.34
31,5,"105,000","2,337,350",22.26,20191118,22.26,22.27,0.0,0.01,714,群益道瓊美國地產,22.27
32,11,"108,219","2,409,823",22.27,20191115,22.21,22.3,0.0,0.29,714,群益道瓊美國地產,22.21
33,6,"107,000","2,356,610",21.98,20191114,21.93,22.03,0.0,0.25,714,群益道瓊美國地產,21.93
34,15,"214,000","4,654,150",21.73,20191113,21.71,21.75,0.0,0.14,714,群益道瓊美國地產,21.71
35,4,"4,000","87,480",21.87,20191112,21.87,21.87,0.0,0.03,714,群益道瓊美國地產,21.87
36,5,"104,000","2,271,300",21.84,20191111,21.8,21.85,0.0,0.01,714,群益道瓊美國地產,21.85
37,12,"113,000","2,469,130",21.85,20191108,21.84,21.87,0.0,0.26,714,群益道瓊美國地產,21.87
38,8,"109,000","2,409,900",22.11,20191107,22.06,22.11,0.0,0.07,714,群益道瓊美國地產,22.06
39,26,"139,170","3,065,097",22.04,20191106,22.0,22.04,0.0,0.43,714,群益道瓊美國地產,22.0
40,12,"117,000","2,628,380",22.47,20191105,22.4,22.47,0.0,0.19,714,群益道瓊美國地產,22.43
41,4,"103,000","2,333,960",22.66,20191104,22.65,22.66,0.0,0.06,714,群益道瓊美國地產,22.65
42,4,"107,000","2,430,470",22.72,20191101,22.63,22.72,0.0,0.02,714,群益道瓊美國地產,22.69
43,13,"239,000","5,422,590",22.7,20191031,22.62,22.7,0.0,0.14,714,群益道瓊美國地產,22.68
44,5,"8,000","180,390",22.56,20191030,22.54,22.56,0.0,0.02,714,群益道瓊美國地產,22.54
45,12,"120,000","2,705,240",22.54,20191029,22.54,22.58,0.0,0.19,714,群益道瓊美國地產,22.58
46,14,"118,000","2,681,160",22.73,20191028,22.72,22.74,0.0,0.21,714,群益道瓊美國地產,22.74
47,2,"1,363","31,285",22.94,20191025,22.94,22.94,0.0,0.05,714,群益道瓊美國地產,22.94
48,4,"102,050","2,345,988",22.99,20191024,22.92,22.99,0.0,0.07,714,群益道瓊美國地產,22.92
49,11,"114,000","2,612,360",22.92,20191023,22.88,22.92,0.0,0.13,714,群益道瓊美國地產,22.89
50,6,"104,000","2,397,060",23.05,20191022,23.0,23.05,0.0,0.14,714,群益道瓊美國地產,23.0
51,9,"113,095","2,590,566",22.91,20191021,22.86,22.93,0.0,0.23,714,群益道瓊美國地產,22.93
52,7,"113,040","2,566,837",22.68,20191018,22.68,22.71,0.0,0.07,714,群益道瓊美國地產,22.71
53,8,"117,000","2,646,400",22.61,20191017,22.61,22.62,0.0,0.0,714,群益道瓊美國地產,22.62
54,3,"101,000","2,289,680",22.67,20191016,22.67,22.68,0.0,0.01,714,群益道瓊美國地產,22.68
55,12,"129,450","2,934,785",22.68,20191015,22.62,22.68,0.0,0.32,714,群益道瓊美國地產,22.65
56,5,"205,000","4,731,000",23.0,20191014,23.0,23.08,0.0,0.21,714,群益道瓊美國地產,23.08
57,6,"12,000","273,560",22.79,20191009,22.79,22.82,0.0,0.12,714,群益道瓊美國地產,22.79
58,7,"108,100","2,476,081",22.91,20191008,22.83,22.91,0.0,0.07,714,群益道瓊美國地產,22.83
59,6,"104,000","2,375,410",22.84,20191007,22.84,22.86,0.0,0.07,714,群益道瓊美國地產,22.86
60,5,"102,130","2,339,538",22.91,20191004,22.78,22.91,0.0,0.15,714,群益道瓊美國地產,22.78
61,6,"11,119","253,179",22.76,20191003,22.75,22.79,0.0,0.07,714,群益道瓊美國地產,22.75
62,14,"115,500","2,640,954",22.83,20191002,22.82,22.87,0.0,0.35,714,群益道瓊美國地產,22.85
63,13,"110,267","2,554,623",23.18,20191001,23.11,23.19,0.0,0.08,714,群益道瓊美國地產,23.19
64,17,"139,135","3,203,364",23.1,20190927,23.01,23.1,0.0,0.25,714,群益道瓊美國地產,23.01
65,4,"120,000","2,743,700",22.85,20190926,22.82,22.87,0.0,0.05,714,群益道瓊美國地產,22.82
66,5,"103,000","2,358,640",22.9,20190925,22.88,22.9,0.0,0.04,714,群益道瓊美國地產,22.88
67,5,"104,000","2,385,600",22.94,20190924,22.9,22.94,0.0,0.01,714,群益道瓊美國地產,22.9
68,5,"103,000","2,363,880",22.95,20190923,22.95,22.97,0.0,0.03,714,群益道瓊美國地產,22.97
69,8,"106,200","2,434,930",22.92,20190920,22.85,22.93,0.0,0.18,714,群益道瓊美國地產,22.85
70,9,"120,000","2,733,560",22.74,20190919,22.74,22.8,0.0,0.05,714,群益道瓊美國地產,22.8
71,10,"108,200","2,469,918",22.79,20190918,22.79,22.83,0.0,0.12,714,群益道瓊美國地產,22.8
72,6,"206,000","4,669,970",22.67,20190917,22.66,22.67,0.0,0.12,714,群益道瓊美國地產,22.66
73,6,"27,000","609,320",22.55,20190916,22.55,22.59,0.0,0.21,714,群益道瓊美國地產,22.55
74,19,"165,000","3,756,320",22.76,20190912,22.73,22.88,0.0,0.04,714,群益道瓊美國地產,22.88
75,10,"140,000","3,190,010",22.8,20190911,22.75,22.8,0.0,0.15,714,群益道瓊美國地產,22.77
76,10,"161,000","3,697,010",22.95,20190910,22.95,22.99,0.0,0.23,714,群益道瓊美國地產,22.99
77,9,"105,300","2,440,923",23.18,20190909,23.18,23.21,0.0,0.06,714,群益道瓊美國地產,23.21
78,9,"119,000","2,752,530",23.12,20190906,23.09,23.15,0.0,0.38,714,群益道瓊美國地產,23.15
79,14,"95,100","2,233,310",23.5,20190905,23.44,23.51,0.0,0.24,714,群益道瓊美國地產,23.44
80,20,"150,200","3,490,766",23.26,20190904,23.18,23.26,0.0,0.4,714,群益道瓊美國地產,23.18
81,7,"124,000","2,836,940",22.86,20190903,22.86,22.88,0.0,0.04,714,群益道瓊美國地產,22.86
82,8,"108,000","2,470,810",22.82,20190902,22.82,22.89,0.0,0.08,714,群益道瓊美國地產,22.87
83,10,"112,000","2,570,660",22.9,20190830,22.88,22.96,0.0,0.16,714,群益道瓊美國地產,22.88
84,7,"105,000","2,382,540",22.74,20190829,22.69,22.74,0.0,0.01,714,群益道瓊美國地產,22.7
85,5,"103,000","2,342,250",22.75,20190828,22.74,22.75,0.0,0.04,714,群益道瓊美國地產,22.75
86,7,"118,000","2,689,140",22.79,20190827,22.78,22.8,0.0,0.29,714,群益道瓊美國地產,22.8
87,20,"227,000","5,107,920",22.5,20190826,22.4,22.58,0.0,0.47,714,群益道瓊美國地產,22.4
88,7,"104,050","2,389,978",22.97,20190823,22.93,22.98,0.0,0.19,714,群益道瓊美國地產,22.98
89,11,"139,000","3,167,270",22.78,20190822,22.75,22.79,0.0,0.03,714,群益道瓊美國地產,22.75
90,4,"102,000","2,320,520",22.75,20190821,22.75,22.76,0.0,0.13,714,群益道瓊美國地產,22.76
91,6,"107,000","2,449,210",22.88,20190820,22.88,22.89,0.0,0.1,714,群益道瓊美國地產,22.89
92,5,"104,000","2,369,060",22.78,20190819,22.76,22.78,0.0,0.17,714,群益道瓊美國地產,22.76
93,20,"176,170","3,978,710",22.61,20190816,22.54,22.62,0.0,0.21,714,群益道瓊美國地產,22.54
94,6,"131,000","2,933,280",22.4,20190815,22.31,22.4,0.0,0.13,714,群益道瓊美國地產,22.39
95,3,"53,000","1,194,590",22.53,20190814,22.53,22.54,0.0,0.14,714,群益道瓊美國地產,22.54
96,14,"114,272","2,589,892",22.67,20190813,22.62,22.67,0.0,0.18,714,群益道瓊美國地產,22.62
97,9,"127,060","2,859,688",22.49,20190812,22.49,22.55,0.0,0.11,714,群益道瓊美國地產,22.5
