,成交筆數,成交股數,成交金額,收盤價,日期,最低價,最高價,本益比,漲跌價差,證券代號,證券名稱,開盤價
0,1,100,721,7.21,20191119,7.21,7.21,0.00,0.04,00636K,國泰中國A50+U,7.21
1,1,100,717,7.17,20191118,7.17,7.17,0.0,0.0,00636K,國泰中國A50+U,7.17
2,1,100,717,7.17,20191115,7.17,7.17,0.0,0.04,00636K,國泰中國A50+U,7.17
3,1,100,713,7.13,20191114,7.13,7.13,0.0,0.03,00636K,國泰中國A50+U,7.13
4,1,100,716,7.16,20191113,7.16,7.16,0.0,0.0,00636K,國泰中國A50+U,7.16
5,1,100,716,7.16,20191112,7.16,7.16,0.0,0.03,00636K,國泰中國A50+U,7.16
6,2,800,"5,755",7.19,20191111,7.19,7.22,0.0,0.19,00636K,國泰中國A50+U,7.22
7,1,100,738,7.38,20191108,7.38,7.38,0.0,0.08,00636K,國泰中國A50+U,7.38
8,1,100,730,7.3,20191107,7.3,7.3,0.0,0.05,00636K,國泰中國A50+U,7.3
9,1,100,735,7.35,20191106,7.35,7.35,0.0,0.03,00636K,國泰中國A50+U,7.35
10,1,100,738,7.38,20191105,7.38,7.38,0.0,0.09,00636K,國泰中國A50+U,7.38
11,1,100,729,7.29,20191104,7.29,7.29,0.0,0.1,00636K,國泰中國A50+U,7.29
12,1,100,719,7.19,20191101,7.19,7.19,0.0,0.07,00636K,國泰中國A50+U,7.19
13,1,100,712,7.12,20191031,7.12,7.12,0.0,0.05,00636K,國泰中國A50+U,7.12
14,1,100,707,7.07,20191030,7.07,7.07,0.0,0.05,00636K,國泰中國A50+U,7.07
15,1,100,712,7.12,20191029,7.12,7.12,0.0,0.01,00636K,國泰中國A50+U,7.12
16,1,100,711,7.11,20191028,7.11,7.11,0.0,0.06,00636K,國泰中國A50+U,7.11
17,1,100,705,7.05,20191025,7.05,7.05,0.0,0.01,00636K,國泰中國A50+U,7.05
18,1,100,706,7.06,20191024,7.06,7.06,0.0,0.01,00636K,國泰中國A50+U,7.06
19,1,100,705,7.05,20191023,7.05,7.05,0.0,0.01,00636K,國泰中國A50+U,7.05
20,1,100,706,7.06,20191022,7.06,7.06,0.0,0.03,00636K,國泰中國A50+U,7.06
21,1,100,709,7.09,20191021,7.09,7.09,0.0,0.02,00636K,國泰中國A50+U,7.09
22,1,100,711,7.11,20191018,7.11,7.11,0.0,0.02,00636K,國泰中國A50+U,7.11
23,1,100,713,7.13,20191017,7.13,7.13,0.0,0.01,00636K,國泰中國A50+U,7.13
24,1,100,712,7.12,20191016,7.12,7.12,0.0,0.05,00636K,國泰中國A50+U,7.12
25,1,100,717,7.17,20191015,7.17,7.17,0.0,0.03,00636K,國泰中國A50+U,7.17
26,1,100,720,7.2,20191014,7.2,7.2,0.0,0.3,00636K,國泰中國A50+U,7.2
27,1,100,690,6.9,20191009,6.9,6.9,0.0,0.04,00636K,國泰中國A50+U,6.9
28,1,100,694,6.94,20191008,6.94,6.94,0.0,0.13,00636K,國泰中國A50+U,6.94
29,1,100,681,6.81,20191007,6.81,6.81,0.0,0.02,00636K,國泰中國A50+U,6.81
30,1,100,683,6.83,20191004,6.83,6.83,0.0,0.07,00636K,國泰中國A50+U,6.83
31,22,"23,600","159,436",6.76,20191003,6.75,6.76,0.0,0.06,00636K,國泰中國A50+U,6.75
32,2,"1,200","8,185",6.82,20191002,6.82,6.83,0.0,0.02,00636K,國泰中國A50+U,6.83
33,2,800,"5,474",6.84,20191001,6.84,6.86,0.0,0.06,00636K,國泰中國A50+U,6.86
34,1,100,690,6.9,20190927,6.9,6.9,0.0,0.02,00636K,國泰中國A50+U,6.9
35,7,"5,200","35,994",6.92,20190926,6.92,6.97,0.0,0.05,00636K,國泰中國A50+U,6.97
36,1,100,697,6.97,20190925,6.97,6.97,0.0,0.01,00636K,國泰中國A50+U,6.97
37,1,100,696,6.96,20190924,6.96,6.96,0.0,0.06,00636K,國泰中國A50+U,6.96
38,1,100,690,6.9,20190923,6.9,6.9,0.0,0.16,00636K,國泰中國A50+U,6.9
39,2,200,"1,406",7.06,20190920,7.0,7.06,0.0,0.08,00636K,國泰中國A50+U,7.0
40,1,100,698,6.98,20190919,6.98,6.98,0.0,0.05,00636K,國泰中國A50+U,6.98
41,1,100,703,7.03,20190918,7.03,7.03,0.0,0.01,00636K,國泰中國A50+U,7.03
42,1,100,704,7.04,20190917,7.04,7.04,0.0,0.05,00636K,國泰中國A50+U,7.04
43,1,100,709,7.09,20190916,7.09,7.09,0.0,0.02,00636K,國泰中國A50+U,7.09
44,1,100,707,7.07,20190912,7.07,7.07,0.0,0.04,00636K,國泰中國A50+U,7.07
45,1,100,703,7.03,20190911,7.03,7.03,0.0,0.0,00636K,國泰中國A50+U,7.03
46,1,100,703,7.03,20190910,7.03,7.03,0.0,0.05,00636K,國泰中國A50+U,7.03
47,1,400,"2,832",7.08,20190909,7.08,7.08,0.0,0.05,00636K,國泰中國A50+U,7.08
48,1,100,703,7.03,20190906,7.03,7.03,0.0,0.01,00636K,國泰中國A50+U,7.03
49,1,100,702,7.02,20190905,7.02,7.02,0.0,0.15,00636K,國泰中國A50+U,7.02
50,1,100,687,6.87,20190904,6.87,6.87,0.0,0.06,00636K,國泰中國A50+U,6.87
51,1,100,681,6.81,20190903,6.81,6.81,0.0,0.03,00636K,國泰中國A50+U,6.81
52,1,100,684,6.84,20190902,6.84,6.84,0.0,0.03,00636K,國泰中國A50+U,6.84
53,1,100,681,6.81,20190830,6.81,6.81,0.0,0.09,00636K,國泰中國A50+U,6.81
54,1,100,672,6.72,20190829,6.72,6.72,0.0,0.05,00636K,國泰中國A50+U,6.72
55,1,100,677,6.77,20190828,6.77,6.77,0.0,0.05,00636K,國泰中國A50+U,6.77
56,1,100,682,6.82,20190827,6.82,6.82,0.0,0.06,00636K,國泰中國A50+U,6.82
57,1,100,676,6.76,20190826,6.76,6.76,0.0,0.15,00636K,國泰中國A50+U,6.76
58,1,100,691,6.91,20190823,6.91,6.91,0.0,0.07,00636K,國泰中國A50+U,6.91
59,1,100,684,6.84,20190822,6.84,6.84,0.0,0.02,00636K,國泰中國A50+U,6.84
60,1,100,686,6.86,20190821,6.86,6.86,0.0,0.03,00636K,國泰中國A50+U,6.86
61,1,100,683,6.83,20190820,6.83,6.83,0.0,0.0,00636K,國泰中國A50+U,6.83
62,1,100,683,6.83,20190819,6.83,6.83,0.0,0.03,00636K,國泰中國A50+U,6.83
63,1,100,680,6.8,20190816,6.8,6.8,0.0,0.17,00636K,國泰中國A50+U,6.8
64,1,100,663,6.63,20190815,6.63,6.63,0.0,0.13,00636K,國泰中國A50+U,6.63
65,1,100,676,6.76,20190814,6.76,6.76,0.0,0.14,00636K,國泰中國A50+U,6.76
66,1,100,662,6.62,20190813,6.62,6.62,0.0,0.03,00636K,國泰中國A50+U,6.62
67,1,100,665,6.65,20190812,6.65,6.65,0.0,0.03,00636K,國泰中國A50+U,6.65
