,成交筆數,成交股數,成交金額,收盤價,日期,最低價,最高價,本益比,漲跌價差,證券代號,證券名稱,開盤價
0,27,"215,000","2,239,510",10.43,20191231,10.39,10.43,0.00,0.04,00656R,國泰中國A50反1,10.40
1,51,"198,000","2,061,580",10.39,20191230,10.38,10.55,0.0,0.09,00656R,國泰中國A50反1,10.51
2,55,"209,000","2,184,120",10.48,20191227,10.43,10.53,0.0,0.12,00656R,國泰中國A50反1,10.53
3,5,"105,000","1,113,000",10.6,20191226,10.58,10.64,0.0,0.02,00656R,國泰中國A50反1,10.64
4,23,"229,000","2,433,960",10.62,20191225,10.6,10.65,0.0,0.01,00656R,國泰中國A50反1,10.6
5,34,"224,000","2,378,080",10.61,20191224,10.6,10.68,0.0,0.03,00656R,國泰中國A50反1,10.61
6,42,"242,000","2,553,690",10.58,20191223,10.48,10.58,0.0,0.06,00656R,國泰中國A50反1,10.48
7,33,"168,000","1,762,250",10.52,20191220,10.47,10.52,0.0,0.0,00656R,國泰中國A50反1,10.52
8,14,"47,000","493,520",10.52,20191219,10.48,10.52,0.0,0.05,00656R,國泰中國A50反1,10.49
9,31,"161,000","1,686,660",10.47,20191218,10.45,10.5,0.0,0.02,00656R,國泰中國A50反1,10.5
10,106,"495,000","5,211,660",10.45,20191217,10.45,10.63,0.0,0.22,00656R,國泰中國A50反1,10.61
11,19,"168,000","1,787,420",10.67,20191216,10.61,10.68,0.0,0.01,00656R,國泰中國A50反1,10.61
12,48,"233,000","2,489,660",10.66,20191213,10.65,10.73,0.0,0.18,00656R,國泰中國A50反1,10.73
13,20,"76,000","822,520",10.84,20191212,10.8,10.84,0.0,0.01,00656R,國泰中國A50反1,10.84
14,10,"44,000","476,610",10.85,20191211,10.81,10.87,0.0,0.02,00656R,國泰中國A50反1,10.81
15,4,"80,000","871,500",10.87,20191210,10.87,10.9,0.0,0.0,00656R,國泰中國A50反1,10.9
16,18,"53,000","574,580",10.87,20191209,10.8,10.87,0.0,0.01,00656R,國泰中國A50反1,10.84
17,20,"156,000","1,694,240",10.86,20191206,10.83,10.88,0.0,0.07,00656R,國泰中國A50反1,10.88
18,16,"87,000","949,780",10.93,20191205,10.88,10.93,0.0,0.02,00656R,國泰中國A50反1,10.89
19,18,"90,000","990,590",10.95,20191204,10.95,11.03,0.0,0.01,00656R,國泰中國A50反1,11.01
20,38,"159,000","1,750,470",10.96,20191203,10.96,11.05,0.0,0.04,00656R,國泰中國A50反1,11.04
21,36,"392,000","4,305,580",11.0,20191202,10.96,11.0,0.0,0.06,00656R,國泰中國A50反1,10.99
22,106,"396,000","4,353,690",11.06,20191129,10.89,11.06,0.0,0.18,00656R,國泰中國A50反1,10.9
23,29,"113,000","1,225,210",10.88,20191128,10.78,10.88,0.0,0.06,00656R,國泰中國A50反1,10.81
24,23,"145,000","1,567,700",10.82,20191127,10.79,10.86,0.0,0.02,00656R,國泰中國A50反1,10.8
25,37,"243,000","2,616,960",10.8,20191126,10.75,10.8,0.0,0.05,00656R,國泰中國A50反1,10.78
26,44,"159,000","1,729,690",10.85,20191125,10.84,10.91,0.0,0.02,00656R,國泰中國A50反1,10.89
27,58,"259,000","2,815,240",10.87,20191122,10.76,10.9,0.0,0.04,00656R,國泰中國A50反1,10.79
28,68,"594,000","6,423,390",10.83,20191121,10.78,10.86,0.0,0.11,00656R,國泰中國A50反1,10.79
29,17,"103,000","1,101,180",10.72,20191120,10.66,10.72,0.0,0.06,00656R,國泰中國A50反1,10.66
30,31,"263,000","2,810,040",10.66,20191119,10.62,10.7,0.0,0.05,00656R,國泰中國A50反1,10.7
31,30,"159,000","1,709,140",10.71,20191118,10.7,10.8,0.0,0.06,00656R,國泰中國A50反1,10.76
32,13,"27,000","289,930",10.77,20191115,10.72,10.78,0.0,0.04,00656R,國泰中國A50反1,10.78
33,32,"237,000","2,541,980",10.73,20191114,10.7,10.77,0.0,0.01,00656R,國泰中國A50反1,10.74
34,39,"222,000","2,386,090",10.74,20191113,10.72,10.78,0.0,0.02,00656R,國泰中國A50反1,10.74
35,68,"381,000","4,084,530",10.72,20191112,10.62,10.77,0.0,0.07,00656R,國泰中國A50反1,10.65
36,111,"906,000","9,600,020",10.65,20191111,10.52,10.66,0.0,0.16,00656R,國泰中國A50反1,10.52
37,18,"144,000","1,504,660",10.49,20191108,10.43,10.5,0.0,0.02,00656R,國泰中國A50反1,10.49
38,44,"409,000","4,298,410",10.51,20191107,10.47,10.52,0.0,0.04,00656R,國泰中國A50反1,10.49
39,42,"195,000","2,036,410",10.47,20191106,10.43,10.48,0.0,0.08,00656R,國泰中國A50反1,10.45
40,144,"1,317,000","13,701,310",10.39,20191105,10.34,10.53,0.0,0.13,00656R,國泰中國A50反1,10.45
41,92,"520,000","5,476,390",10.52,20191104,10.5,10.56,0.0,0.09,00656R,國泰中國A50反1,10.56
42,68,"474,000","5,059,340",10.61,20191101,10.61,10.81,0.0,0.16,00656R,國泰中國A50反1,10.81
43,24,"65,000","699,900",10.77,20191031,10.75,10.8,0.0,0.02,00656R,國泰中國A50反1,10.79
44,27,"59,000","636,080",10.79,20191030,10.74,10.8,0.0,0.06,00656R,國泰中國A50反1,10.75
45,16,"46,000","493,760",10.73,20191029,10.7,10.75,0.0,0.04,00656R,國泰中國A50反1,10.73
46,24,"80,000","860,170",10.77,20191028,10.71,10.8,0.0,0.07,00656R,國泰中國A50反1,10.75
47,35,"147,000","1,594,690",10.84,20191025,10.79,10.88,0.0,0.0,00656R,國泰中國A50反1,10.8
48,42,"280,000","3,019,330",10.84,20191024,10.75,10.84,0.0,0.06,00656R,國泰中國A50反1,10.78
49,30,"105,000","1,129,720",10.78,20191023,10.73,10.81,0.0,0.01,00656R,國泰中國A50反1,10.79
50,26,"182,000","1,958,150",10.79,20191022,10.68,10.79,0.0,0.04,00656R,國泰中國A50反1,10.73
51,35,"464,000","5,009,660",10.75,20191021,10.73,10.83,0.0,0.02,00656R,國泰中國A50反1,10.78
52,52,"565,000","6,050,790",10.73,20191018,10.6,10.74,0.0,0.06,00656R,國泰中國A50反1,10.66
53,33,"305,000","3,252,490",10.67,20191017,10.64,10.69,0.0,0.0,00656R,國泰中國A50反1,10.67
54,51,"836,000","8,897,310",10.67,20191016,10.56,10.69,0.0,0.02,00656R,國泰中國A50反1,10.64
55,28,"123,000","1,310,040",10.65,20191015,10.61,10.66,0.0,0.01,00656R,國泰中國A50反1,10.61
56,231,"2,060,000","21,923,260",10.64,20191014,10.58,10.75,0.0,0.36,00656R,國泰中國A50反1,10.74
57,36,"145,000","1,597,000",11.0,20191009,10.97,11.08,0.0,0.07,00656R,國泰中國A50反1,11.07
58,114,"939,000","10,312,460",10.93,20191008,10.93,11.13,0.0,0.25,00656R,國泰中國A50反1,11.12
59,31,"124,000","1,385,930",11.18,20191007,11.06,11.2,0.0,0.02,00656R,國泰中國A50反1,11.06
60,38,"267,000","2,976,160",11.16,20191004,11.13,11.18,0.0,0.06,00656R,國泰中國A50反1,11.15
61,102,"761,000","8,522,180",11.22,20191003,11.18,11.22,0.0,0.12,00656R,國泰中國A50反1,11.19
62,48,"344,000","3,827,810",11.1,20191002,11.1,11.15,0.0,0.04,00656R,國泰中國A50反1,11.15
63,79,"1,206,000","13,343,850",11.06,20191001,11.05,11.09,0.0,0.07,00656R,國泰中國A50反1,11.08
64,61,"366,000","4,029,190",10.99,20190927,10.99,11.04,0.0,0.03,00656R,國泰中國A50反1,11.0
65,35,"227,000","2,486,670",10.96,20190926,10.91,10.98,0.0,0.02,00656R,國泰中國A50反1,10.94
66,34,"298,000","3,274,040",10.98,20190925,10.95,11.03,0.0,0.03,00656R,國泰中國A50反1,11.03
67,56,"482,000","5,273,480",10.95,20190924,10.92,10.98,0.0,0.08,00656R,國泰中國A50反1,10.97
68,100,"828,000","9,104,640",11.03,20190923,10.9,11.04,0.0,0.16,00656R,國泰中國A50反1,10.95
69,29,"240,000","2,607,710",10.87,20190920,10.86,10.93,0.0,0.08,00656R,國泰中國A50反1,10.93
70,15,"79,000","863,260",10.95,20190919,10.91,10.95,0.0,0.04,00656R,國泰中國A50反1,10.91
71,25,"139,000","1,515,470",10.91,20190918,10.86,10.98,0.0,0.01,00656R,國泰中國A50反1,10.98
72,56,"732,000","7,978,850",10.92,20190917,10.85,10.92,0.0,0.1,00656R,國泰中國A50反1,10.9
73,46,"235,000","2,537,920",10.82,20190916,10.78,10.85,0.0,0.01,00656R,國泰中國A50反1,10.83
74,51,"471,000","5,106,030",10.83,20190912,10.78,10.89,0.0,0.07,00656R,國泰中國A50反1,10.78
75,88,"772,000","8,419,060",10.9,20190911,10.81,10.96,0.0,0.03,00656R,國泰中國A50反1,10.81
76,58,"351,000","3,809,510",10.87,20190910,10.76,10.88,0.0,0.07,00656R,國泰中國A50反1,10.79
77,98,"621,000","6,688,050",10.8,20190909,10.73,10.81,0.0,0.05,00656R,國泰中國A50反1,10.77
78,60,"215,000","2,333,310",10.85,20190906,10.84,10.9,0.0,0.02,00656R,國泰中國A50反1,10.84
79,344,"2,187,000","23,800,850",10.83,20190905,10.78,10.98,0.0,0.25,00656R,國泰中國A50反1,10.95
80,112,"1,331,000","14,723,420",11.08,20190904,11.03,11.11,0.0,0.07,00656R,國泰中國A50反1,11.11
81,51,"371,000","4,123,740",11.15,20190903,11.09,11.15,0.0,0.04,00656R,國泰中國A50反1,11.12
82,148,"933,000","10,378,460",11.11,20190902,11.1,11.21,0.0,0.09,00656R,國泰中國A50反1,11.21
83,61,"342,000","3,824,740",11.2,20190830,11.15,11.22,0.0,0.08,00656R,國泰中國A50反1,11.19
84,69,"350,000","3,957,980",11.28,20190829,11.25,11.36,0.0,0.04,00656R,國泰中國A50反1,11.25
85,96,"1,319,000","14,830,290",11.24,20190828,11.17,11.28,0.0,0.06,00656R,國泰中國A50反1,11.19
86,163,"1,164,000","12,979,130",11.18,20190827,11.11,11.27,0.0,0.15,00656R,國泰中國A50反1,11.27
87,169,"1,974,000","22,387,900",11.33,20190826,11.27,11.4,0.0,0.18,00656R,國泰中國A50反1,11.4
88,166,"1,144,000","12,772,370",11.15,20190823,11.12,11.26,0.0,0.15,00656R,國泰中國A50反1,11.26
89,43,"243,000","2,730,050",11.3,20190822,11.22,11.3,0.0,0.05,00656R,國泰中國A50反1,11.24
90,21,"104,000","1,172,350",11.25,20190821,11.25,11.3,0.0,0.0,00656R,國泰中國A50反1,11.3
91,88,"441,000","4,977,710",11.25,20190820,11.24,11.4,0.0,0.07,00656R,國泰中國A50反1,11.4
92,114,"606,000","6,890,700",11.32,20190819,11.3,11.47,0.0,0.12,00656R,國泰中國A50反1,11.4
93,83,"1,051,000","12,063,590",11.44,20190816,11.43,11.57,0.0,0.17,00656R,國泰中國A50反1,11.55
94,85,"556,000","6,476,630",11.61,20190815,11.6,11.72,0.0,0.07,00656R,國泰中國A50反1,11.72
95,82,"326,000","3,738,290",11.54,20190814,11.41,11.54,0.0,0.08,00656R,國泰中國A50反1,11.41
96,76,"247,000","2,863,690",11.62,20190813,11.55,11.65,0.0,0.04,00656R,國泰中國A50反1,11.65
97,69,"356,000","4,134,210",11.58,20190812,11.56,11.79,0.0,0.07,00656R,國泰中國A50反1,11.79
