,成交筆數,成交股數,成交金額,收盤價,日期,最低價,最高價,本益比,漲跌價差,證券代號,證券名稱,開盤價
0,0,0,0,--,20191220,--,--,0.00,0.00,0059,富邦金融,--
1,4,"11,000","545,070",49.55,20191219,49.54,49.60,0.0,0.15,59,富邦金融,49.60
2,4,"4,000","198,920",49.70,20191218,49.70,49.74,0.0,0.43,59,富邦金融,49.74
3,4,"13,000","641,150",49.27,20191217,49.27,49.59,0.0,0.38,59,富邦金融,49.59
4,8,"10,000","494,670",49.65,20191216,49.40,49.65,0.0,0.25,59,富邦金融,49.44
5,2,"2,000","98,800",49.40,20191213,49.40,49.40,0.0,0.5,59,富邦金融,49.40
6,2,"2,000","97,800",48.90,20191212,48.90,48.90,0.0,0.0,59,富邦金融,48.90
7,0,0,0,--,20191211,--,--,0.0,0.0,59,富邦金融,--
8,4,"6,000","291,740",48.88,20191210,48.57,48.88,0.0,0.33,59,富邦金融,48.57
9,5,"7,000","339,550",48.55,20191209,48.48,48.55,0.0,0.01,59,富邦金融,48.48
10,3,"11,000","533,930",48.54,20191206,48.53,48.54,0.0,0.13,59,富邦金融,48.53
11,6,"6,129","297,917",48.67,20191205,48.55,48.67,0.0,0.12,59,富邦金融,48.55
12,3,"3,000","145,540",48.55,20191204,48.44,48.55,0.0,0.02,59,富邦金融,48.44
13,10,"39,000","1,891,750",48.53,20191203,48.49,48.54,0.0,0.01,59,富邦金融,48.54
14,3,"7,000","339,720",48.54,20191202,48.53,48.54,0.0,0.15,59,富邦金融,48.53
15,5,"10,082","490,931",48.69,20191129,48.69,48.73,0.0,0.44,59,富邦金融,48.73
16,11,"17,100","839,600",49.13,20191128,49.07,49.15,0.0,0.0,59,富邦金融,49.15
17,8,"10,000","491,470",49.13,20191127,49.13,49.23,0.0,0.1,59,富邦金融,49.23
18,5,"5,000","246,280",49.23,20191126,49.22,49.30,0.0,0.1,59,富邦金融,49.30
19,3,"5,000","245,090",49.33,20191125,48.94,49.33,0.0,0.53,59,富邦金融,48.94
20,7,"12,215","595,734",48.80,20191122,48.77,48.80,0.0,0.05,59,富邦金融,48.78
21,12,"20,000","974,300",48.75,20191121,48.68,48.79,0.0,0.37,59,富邦金融,48.79
22,4,"4,000","196,920",49.12,20191120,49.12,49.46,0.0,0.26,59,富邦金融,49.46
23,3,"3,000","148,080",49.38,20191119,49.32,49.38,0.0,0.17,59,富邦金融,49.32
24,5,"7,000","344,030",49.21,20191118,48.95,49.21,0.0,0.27,59,富邦金融,48.95
25,2,"2,000","97,880",48.94,20191115,48.94,48.94,0.0,0.18,59,富邦金融,48.94
26,8,"14,000","685,670",49.12,20191114,48.74,49.14,0.0,0.18,59,富邦金融,49.14
27,5,"9,000","444,020",49.30,20191113,49.30,49.34,0.0,0.06,59,富邦金融,49.34
28,3,"6,000","295,440",49.24,20191112,49.24,49.24,0.0,0.0,59,富邦金融,49.24
29,3,"3,000","147,240",49.24,20191111,49.00,49.24,0.0,0.33,59,富邦金融,49.00
30,2,"2,000","99,260",49.57,20191108,49.57,49.69,0.0,0.03,59,富邦金融,49.69
31,12,"13,000","646,380",49.60,20191107,49.60,49.88,0.0,0.2,59,富邦金融,49.84
32,7,"5,121","252,895",49.80,20191106,49.08,49.80,0.0,0.71,59,富邦金融,49.10
33,5,"8,000","392,040",49.09,20191105,48.55,49.09,0.0,0.59,59,富邦金融,48.55
34,8,"34,056","1,648,921",48.50,20191104,48.41,48.50,0.0,0.22,59,富邦金融,48.50
35,2,"2,000","96,560",48.28,20191101,48.28,48.28,0.0,0.05,59,富邦金融,48.28
36,5,"18,052","872,292",48.33,20191031,48.32,48.33,0.0,0.25,59,富邦金融,48.32
37,5,"3,020","145,040",48.08,20191030,47.99,48.08,0.0,0.13,59,富邦金融,47.99
38,7,"9,000","432,730",47.95,20191029,47.95,48.35,0.0,0.11,59,富邦金融,47.95
39,6,"15,000","718,030",47.84,20191028,47.84,47.97,0.0,0.0,59,富邦金融,47.97
40,0,0,0,--,20191025,--,--,0.0,0.0,59,富邦金融,--
41,1,"1,000","47,820",47.82,20191024,47.82,47.82,0.0,0.0,59,富邦金融,47.82
42,4,"4,000","191,420",47.82,20191023,47.82,47.96,0.0,0.0,59,富邦金融,47.82
43,0,0,0,--,20191022,--,--,0.0,0.0,59,富邦金融,--
44,2,"2,000","95,780",47.89,20191021,47.89,47.89,0.0,0.0,59,富邦金融,47.89
45,2,"2,000","95,840",47.89,20191018,47.89,47.95,0.0,0.04,59,富邦金融,47.95
46,1,"1,000","47,850",47.85,20191017,47.85,47.85,0.0,0.07,59,富邦金融,47.85
47,3,"3,000","142,850",47.78,20191016,47.34,47.78,0.0,0.48,59,富邦金融,47.34
48,2,"2,000","94,600",47.30,20191015,47.30,47.30,0.0,0.0,59,富邦金融,47.30
49,0,0,0,--,20191014,--,--,0.0,0.0,59,富邦金融,--
50,2,"2,000","94,460",47.23,20191009,47.23,47.23,0.0,0.03,59,富邦金融,47.23
51,4,"4,000","188,330",47.20,20191008,46.82,47.20,0.0,0.32,59,富邦金融,46.82
52,5,"5,000","234,560",46.88,20191007,46.88,46.93,0.0,0.3,59,富邦金融,46.93
53,2,"2,000","94,360",47.18,20191004,47.18,47.18,0.0,0.01,59,富邦金融,47.18
54,3,"5,000","235,730",47.19,20191003,47.11,47.21,0.0,0.42,59,富邦金融,47.11
55,1,"1,000","47,610",47.61,20191002,47.61,47.61,0.0,0.04,59,富邦金融,47.61
56,1,"1,000","47,650",47.65,20191001,47.65,47.65,0.0,0.49,59,富邦金融,47.65
57,30,"4,098,000","193,385,130",47.16,20190927,47.15,47.65,0.0,0.52,59,富邦金融,47.65
58,3,"4,000","190,860",47.68,20190926,47.68,47.80,0.0,0.02,59,富邦金融,47.80
59,1,"1,000","47,700",47.70,20190925,47.70,47.70,0.0,0.29,59,富邦金融,47.70
60,4,"2,500","119,759",47.99,20190924,47.99,48.02,0.0,0.11,59,富邦金融,48.02
61,5,"5,000","241,130",48.10,20190923,48.10,48.36,0.0,0.19,59,富邦金融,48.36
62,2,"4,000","193,310",48.29,20190920,48.29,48.34,0.0,0.02,59,富邦金融,48.34
63,3,"3,000","144,960",48.31,20190919,48.31,48.33,0.0,0.03,59,富邦金融,48.32
64,10,"19,000","915,160",48.34,20190918,48.07,48.34,0.0,0.34,59,富邦金融,48.08
65,5,"6,000","287,980",48.00,20190917,47.97,48.04,0.0,0.13,59,富邦金融,48.04
66,6,"5,100","245,520",48.13,20190916,48.12,48.18,0.0,0.0,59,富邦金融,48.12
67,0,0,0,--,20190912,--,--,0.0,0.0,59,富邦金融,--
68,3,"3,100","148,694",47.97,20190911,47.96,47.97,0.0,0.12,59,富邦金融,47.96
69,9,"17,000","811,280",47.85,20190910,47.62,47.86,0.0,0.48,59,富邦金融,47.62
70,5,"6,000","283,810",47.37,20190909,47.12,47.37,0.0,0.57,59,富邦金融,47.12
71,3,"3,000","140,350",46.80,20190906,46.75,46.80,0.0,0.17,59,富邦金融,46.75
72,6,"15,085","703,253",46.63,20190905,46.58,46.65,0.0,0.35,59,富邦金融,46.58
73,3,"4,000","185,040",46.28,20190904,46.24,46.28,0.0,0.02,59,富邦金融,46.24
74,3,"2,058","95,405",46.30,20190903,46.30,46.42,0.0,0.06,59,富邦金融,46.42
75,2,"8,000","369,930",46.24,20190902,46.24,46.25,0.0,0.0,59,富邦金融,46.25
76,6,"24,000","1,103,060",46.24,20190830,45.70,46.24,0.0,0.57,59,富邦金融,45.70
77,3,"3,000","136,970",45.67,20190829,45.64,45.67,0.0,0.14,59,富邦金融,45.64
78,3,"3,000","137,610",45.81,20190828,45.81,45.94,0.0,0.01,59,富邦金融,45.94
79,5,"4,027","184,627",45.82,20190827,45.82,45.86,0.0,0.07,59,富邦金融,45.86
80,2,"5,000","229,070",45.75,20190826,45.75,46.07,0.0,0.26,59,富邦金融,46.07
81,1,"1,000","46,010",46.01,20190823,46.01,46.01,0.0,0.0,59,富邦金融,46.01
82,0,0,0,--,20190822,--,--,0.0,0.0,59,富邦金融,--
83,1,"1,000","46,100",46.10,20190821,46.10,46.10,0.0,0.08,59,富邦金融,46.10
84,2,"2,000","92,380",46.18,20190820,46.18,46.20,0.0,0.04,59,富邦金融,46.20
85,9,"9,056","417,643",46.22,20190819,46.05,46.22,0.0,1.02,59,富邦金融,46.05
86,2,"2,000","90,480",45.20,20190816,45.20,45.28,0.0,0.0,59,富邦金融,45.28
87,0,0,0,--,20190815,--,--,0.0,0.0,59,富邦金融,--
88,2,"10,001","456,645",45.66,20190814,45.66,45.66,0.0,0.03,59,富邦金融,45.66
89,4,"13,000","593,240",45.63,20190813,45.63,45.64,0.0,0.3,59,富邦金融,45.64
90,1,"1,000","45,930",45.93,20190812,45.93,45.93,0.0,0.24,59,富邦金融,45.93
