,成交筆數,成交股數,成交金額,收盤價,日期,最低價,最高價,本益比,漲跌價差,證券代號,證券名稱,開盤價
0,169,"405,206","3,777,321",9.32,20191122,9.30,9.34,0.00,0.01,1460,宏遠,9.31
1,311,"691,050","6,452,855",9.31,20191121,9.28,9.4,0.0,0.05,1460,宏遠,9.36
2,586,"1,350,387","12,537,718",9.36,20191120,9.19,9.4,0.0,0.0,1460,宏遠,9.36
3,296,"647,903","6,083,414",9.36,20191119,9.29,9.44,0.0,0.07,1460,宏遠,9.29
4,377,"703,206","6,538,863",9.29,20191118,9.27,9.35,0.0,0.11,1460,宏遠,9.35
5,"1,496","3,515,646","32,809,922",9.4,20191115,9.16,9.69,0.0,0.4,1460,宏遠,9.69
6,397,"1,246,046","12,314,586",9.8,20191114,9.8,10.0,0.0,0.2,1460,宏遠,10.0
7,154,"405,764","4,057,700",10.0,20191113,9.99,10.05,0.0,0.0,1460,宏遠,10.0
8,200,"410,923","4,114,380",10.0,20191112,10.0,10.05,76.92,0.05,1460,宏遠,10.0
9,166,"388,783","3,913,166",10.05,20191111,10.0,10.15,77.31,0.05,1460,宏遠,10.1
10,85,"181,712","1,845,258",10.1,20191108,10.1,10.2,77.69,0.05,1460,宏遠,10.15
11,126,"254,766","2,591,974",10.15,20191107,10.1,10.25,78.08,0.05,1460,宏遠,10.25
12,106,"174,110","1,779,373",10.2,20191106,10.2,10.25,78.46,0.05,1460,宏遠,10.2
13,89,"140,052","1,430,825",10.15,20191105,10.15,10.25,78.08,0.1,1460,宏遠,10.25
14,170,"311,736","3,205,488",10.25,20191104,10.2,10.35,78.85,0.05,1460,宏遠,10.2
15,149,"287,372","2,918,741",10.2,20191101,10.1,10.2,78.46,0.0,1460,宏遠,10.2
16,134,"243,380","2,476,370",10.2,20191031,10.15,10.25,78.46,0.05,1460,宏遠,10.25
17,93,"168,331","1,724,588",10.25,20191030,10.2,10.3,78.85,0.0,1460,宏遠,10.2
18,146,"234,817","2,403,917",10.25,20191029,10.2,10.35,78.85,0.05,1460,宏遠,10.35
19,112,"194,570","1,998,660",10.3,20191028,10.25,10.3,79.23,0.0,1460,宏遠,10.3
20,105,"155,916","1,606,876",10.3,20191025,10.25,10.35,79.23,0.05,1460,宏遠,10.35
21,125,"184,737","1,910,922",10.35,20191024,10.3,10.4,79.62,0.0,1460,宏遠,10.35
22,140,"239,563","2,484,598",10.35,20191023,10.35,10.4,79.62,0.05,1460,宏遠,10.4
23,136,"233,228","2,435,814",10.4,20191022,10.4,10.5,80.0,0.05,1460,宏遠,10.45
24,170,"347,859","3,641,078",10.45,20191021,10.4,10.55,80.38,0.0,1460,宏遠,10.5
25,184,"404,839","4,249,260",10.45,20191018,10.45,10.55,80.38,0.05,1460,宏遠,10.55
26,304,"695,411","7,359,924",10.5,20191017,10.45,10.7,80.77,0.05,1460,宏遠,10.45
27,289,"599,716","6,282,664",10.45,20191016,10.4,10.55,80.38,0.05,1460,宏遠,10.55
28,370,"609,914","6,365,450",10.5,20191015,10.3,10.5,80.77,0.2,1460,宏遠,10.3
29,268,"595,904","6,104,397",10.3,20191014,10.1,10.4,79.23,0.2,1460,宏遠,10.1
30,104,"164,976","1,666,450",10.1,20191009,10.05,10.15,77.69,0.05,1460,宏遠,10.1
31,144,"216,850","2,195,967",10.15,20191008,10.05,10.2,78.08,0.1,1460,宏遠,10.05
32,174,"306,270","3,095,870",10.05,20191007,10.05,10.15,77.31,0.15,1460,宏遠,10.15
33,131,"197,077","2,023,984",10.2,20191004,10.2,10.3,78.46,0.05,1460,宏遠,10.3
34,160,"315,037","3,225,371",10.25,20191003,10.1,10.3,78.85,0.1,1460,宏遠,10.1
35,119,"203,391","2,066,101",10.15,20191002,10.1,10.25,78.08,0.1,1460,宏遠,10.2
36,174,"336,204","3,397,645",10.25,20191001,10.0,10.35,78.85,0.15,1460,宏遠,10.1
37,212,"300,840","3,039,812",10.1,20190927,10.05,10.2,77.69,0.0,1460,宏遠,10.1
38,303,"698,966","7,148,594",10.1,20190926,10.1,10.45,77.69,0.3,1460,宏遠,10.4
39,106,"216,665","2,256,413",10.4,20190925,10.4,10.45,80.0,0.0,1460,宏遠,10.4
40,59,"101,081","1,056,893",10.4,20190924,10.4,10.5,80.0,0.05,1460,宏遠,10.45
41,108,"215,558","2,252,799",10.45,20190923,10.4,10.5,80.38,0.0,1460,宏遠,10.4
42,113,"236,299","2,487,120",10.45,20190920,10.45,10.55,80.38,0.05,1460,宏遠,10.55
43,231,"534,277","5,620,556",10.5,20190919,10.4,10.6,80.77,0.1,1460,宏遠,10.5
44,258,"352,528","3,623,186",10.4,20190918,10.2,10.45,80.0,0.2,1460,宏遠,10.2
45,73,"90,490","919,246",10.2,20190917,10.15,10.2,78.46,0.0,1460,宏遠,10.2
46,138,"280,098","2,865,546",10.2,20190916,10.2,10.3,78.46,0.05,1460,宏遠,10.2
47,121,"220,832","2,245,740",10.15,20190912,10.15,10.2,78.08,0.0,1460,宏遠,10.15
48,79,"135,961","1,384,150",10.15,20190911,10.15,10.2,78.08,0.05,1460,宏遠,10.2
49,99,"222,119","2,264,252",10.2,20190910,10.15,10.25,78.46,0.05,1460,宏遠,10.15
50,108,"185,704","1,891,442",10.15,20190909,10.15,10.25,78.08,0.1,1460,宏遠,10.25
51,122,"295,211","3,026,248",10.25,20190906,10.2,10.3,78.85,0.05,1460,宏遠,10.2
52,123,"264,819","2,717,180",10.2,20190905,10.2,10.3,78.46,0.05,1460,宏遠,10.2
53,85,"142,453","1,453,618",10.25,20190904,10.1,10.25,78.85,0.1,1460,宏遠,10.1
54,102,"181,180","1,833,272",10.15,20190903,10.1,10.2,78.08,0.0,1460,宏遠,10.2
55,95,"210,696","2,137,510",10.15,20190902,10.1,10.2,78.08,0.05,1460,宏遠,10.1
56,122,"248,427","2,509,837",10.1,20190830,10.05,10.15,77.69,0.05,1460,宏遠,10.05
57,90,"122,890","1,238,040",10.05,20190829,10.05,10.1,77.31,0.0,1460,宏遠,10.05
58,105,"189,599","1,908,246",10.05,20190828,10.0,10.1,77.31,0.0,1460,宏遠,10.1
59,92,"184,223","1,854,585",10.05,20190827,10.05,10.1,77.31,0.0,1460,宏遠,10.1
60,178,"357,165","3,582,556",10.05,20190826,9.99,10.1,77.31,0.0,1460,宏遠,10.0
61,157,"423,098","4,357,702",10.25,20190823,10.25,10.35,78.85,0.1,1460,宏遠,10.35
62,164,"458,325","4,737,959",10.35,20190822,10.3,10.4,79.62,0.05,1460,宏遠,10.35
63,254,"711,722","7,274,484",10.3,20190821,10.1,10.35,79.23,0.15,1460,宏遠,10.15
64,187,"408,111","4,139,120",10.15,20190820,10.1,10.2,78.08,0.05,1460,宏遠,10.15
65,200,"460,858","4,637,414",10.1,20190819,10.0,10.1,77.69,0.05,1460,宏遠,10.1
66,165,"463,289","4,658,816",10.05,20190816,10.0,10.1,77.31,0.05,1460,宏遠,10.05
67,312,"937,681","9,399,890",10.1,20190815,9.99,10.1,77.69,0.1,1460,宏遠,10.05
68,235,"672,965","6,876,389",10.2,20190814,10.15,10.3,78.46,0.0,1460,宏遠,10.25
69,661,"2,058,066","21,143,121",10.2,20190813,10.0,10.7,37.78,0.55,1460,宏遠,10.7
70,390,"1,121,751","12,063,980",10.75,20190812,10.6,10.95,39.81,0.2,1460,宏遠,10.9
