,成交筆數,成交股數,成交金額,收盤價,日期,最低價,最高價,本益比,漲跌價差,證券代號,證券名稱,開盤價
0,41,"84,029","1,291,243",15.40,20191231,15.30,15.50,73.33,0.25,1516,川飛,15.50
1,10,"8,205","128,076",15.65,20191230,15.60,15.65,74.52,0.25,1516,川飛,15.60
2,41,"58,930","912,632",15.40,20191227,15.40,15.60,73.33,0.15,1516,川飛,15.60
3,20,"20,002","314,530",15.55,20191226,15.55,15.85,74.05,0.35,1516,川飛,15.85
4,18,"37,130","595,047",15.90,20191225,15.90,16.15,75.71,0.05,1516,川飛,15.90
5,31,"36,005","575,225",15.85,20191224,15.85,16.20,75.48,0.25,1516,川飛,16.20
6,57,"90,710","1,464,110",16.10,20191223,16.00,16.45,76.67,0.2,1516,川飛,16.30
7,96,"101,894","1,677,331",16.30,20191220,16.05,16.95,77.62,0.4,1516,川飛,16.10
8,37,"97,000","1,552,950",15.90,20191219,15.90,16.25,75.71,0.35,1516,川飛,16.25
9,32,"46,643","753,552",16.25,20191218,16.00,16.30,77.38,0.05,1516,川飛,16.20
10,40,"56,136","914,495",16.30,20191217,16.10,16.45,77.62,0.05,1516,川飛,16.10
11,31,"56,938","916,350",16.25,20191216,16.00,16.30,77.38,0.05,1516,川飛,16.30
12,51,"55,994","902,601",16.30,20191213,16.00,16.45,77.62,0.1,1516,川飛,16.30
13,64,"114,260","1,891,875",16.40,20191212,16.35,16.90,78.1,0.55,1516,川飛,16.90
14,34,"77,718","1,309,061",16.95,20191211,16.75,17.10,80.71,0.0,1516,川飛,16.95
15,105,"190,854","3,227,596",16.95,20191210,16.65,17.15,80.71,0.15,1516,川飛,16.80
16,202,"307,402","5,222,734",17.10,20191209,16.65,17.30,81.43,0.55,1516,川飛,16.65
17,426,"625,932","10,449,222",16.55,20191206,16.00,17.35,78.81,0.55,1516,川飛,16.30
18,83,"98,182","1,568,233",16.00,20191205,15.25,16.40,76.19,0.7,1516,川飛,15.25
19,17,"14,082","214,092",15.30,20191204,15.10,15.30,72.86,0.05,1516,川飛,15.25
20,16,"20,223","307,017",15.25,20191203,15.10,15.25,72.62,0.05,1516,川飛,15.20
21,5,"2,064","31,272",15.20,20191202,15.10,15.20,72.38,0.05,1516,川飛,15.10
22,3,"2,073","31,245",15.15,20191129,15.00,15.15,72.14,0.1,1516,川飛,15.00
23,9,"6,300","94,418",15.05,20191128,14.95,15.05,71.67,0.15,1516,川飛,15.00
24,27,"24,481","367,265",15.20,20191127,14.90,15.20,72.38,0.1,1516,川飛,15.00
25,15,"10,869","163,546",15.10,20191126,14.95,15.20,71.9,0.1,1516,川飛,15.15
26,7,"2,289","34,285",15.00,20191125,14.95,15.00,71.43,0.05,1516,川飛,14.95
27,11,"16,343","246,645",15.05,20191122,15.00,15.20,71.67,0.1,1516,川飛,15.20
28,11,"18,000","271,800",15.15,20191121,15.00,15.15,72.14,0.0,1516,川飛,15.15
29,13,"28,308","429,670",15.15,20191120,15.10,15.25,72.14,0.2,1516,川飛,15.25
30,12,"16,046","245,158",15.35,20191119,15.25,15.40,73.1,0.05,1516,川飛,15.40
31,17,"20,856","318,161",15.40,20191118,15.20,15.40,73.33,0.0,1516,川飛,15.20
32,12,"17,470","267,743",15.40,20191115,15.20,15.60,73.33,0.05,1516,川飛,15.60
33,9,"13,568","210,038",15.45,20191114,15.45,15.75,73.57,0.05,1516,川飛,15.75
34,13,"10,395","160,053",15.40,20191113,15.35,15.50,73.33,0.1,1516,川飛,15.40
35,23,"27,767","421,057",15.30,20191112,15.10,15.30,72.86,0.1,1516,川飛,15.20
36,10,"9,088","139,520",15.40,20191111,15.25,15.50,44.0,0.0,1516,川飛,15.25
37,11,"6,982","106,775",15.40,20191108,15.25,15.40,44.0,0.05,1516,川飛,15.25
38,16,"24,999","381,983",15.35,20191107,15.25,15.60,43.86,0.25,1516,川飛,15.35
39,17,"23,999","369,885",15.60,20191106,15.40,15.60,44.57,0.1,1516,川飛,15.40
40,15,"22,141","342,013",15.50,20191105,15.30,15.50,44.29,0.05,1516,川飛,15.45
41,12,"6,859","106,440",15.45,20191104,15.45,15.60,44.14,0.2,1516,川飛,15.60
42,18,"16,702","255,348",15.25,20191101,15.25,15.35,43.57,0.25,1516,川飛,15.35
43,23,"24,098","370,240",15.50,20191031,15.30,15.50,44.29,0.0,1516,川飛,15.45
44,10,"9,418","145,794",15.50,20191030,15.40,15.50,44.29,0.1,1516,川飛,15.40
45,34,"42,673","656,146",15.40,20191029,15.25,15.50,44.0,0.3,1516,川飛,15.35
46,16,"17,610","266,537",15.10,20191028,15.10,15.20,43.14,0.0,1516,川飛,15.10
47,14,"44,051","663,220",15.10,20191025,14.80,15.10,43.14,0.3,1516,川飛,14.80
48,52,"160,815","2,416,460",14.80,20191024,14.80,15.10,42.29,0.3,1516,川飛,15.10
49,8,"37,715","569,395",15.10,20191023,15.00,15.10,43.14,0.1,1516,川飛,15.00
50,17,"14,449","216,887",15.00,20191022,15.00,15.05,42.86,0.05,1516,川飛,15.00
51,43,"72,004","1,080,458",15.05,20191021,14.90,15.10,43.0,0.2,1516,川飛,15.05
52,26,"27,635","416,316",15.25,20191018,15.00,15.25,43.57,0.15,1516,川飛,15.00
53,7,"5,087","76,855",15.10,20191017,15.05,15.15,43.14,0.15,1516,川飛,15.05
54,31,"56,437","840,897",15.25,20191016,14.75,15.30,43.57,0.05,1516,川飛,15.30
55,25,"25,925","397,612",15.30,20191015,15.30,15.40,43.71,0.1,1516,川飛,15.40
56,14,"9,486","144,435",15.40,20191014,15.10,15.40,44.0,0.1,1516,川飛,15.10
57,3,"3,000","46,300",15.50,20191009,15.30,15.50,44.29,0.0,1516,川飛,15.30
58,17,"17,749","273,808",15.50,20191008,15.40,15.65,44.29,0.05,1516,川飛,15.45
59,16,"17,312","265,945",15.45,20191007,15.40,15.60,44.14,0.15,1516,川飛,15.45
60,49,"56,913","881,731",15.30,20191004,15.30,15.70,43.71,0.45,1516,川飛,15.70
61,16,"15,516","242,775",15.75,20191003,15.60,15.80,45.0,0.15,1516,川飛,15.60
62,34,"27,152","426,861",15.90,20191002,15.60,15.95,45.43,0.05,1516,川飛,15.90
63,179,"266,454","4,397,888",15.95,20191001,15.65,17.35,45.57,0.05,1516,川飛,17.35
64,432,"603,579","9,991,547",15.90,20190927,15.70,17.40,45.43,0.4,1516,川飛,16.45
65,245,"470,735","7,579,910",16.30,20190926,14.90,16.30,46.57,1.45,1516,川飛,14.95
66,12,"9,295","138,332",14.85,20190925,14.85,14.95,42.43,0.15,1516,川飛,14.95
67,16,"12,818","191,079",15.00,20190924,14.90,15.00,42.86,0.1,1516,川飛,14.90
68,6,"12,049","179,575",14.90,20190923,14.90,14.95,42.57,0.0,1516,川飛,14.95
69,4,249,"3,735",--,20190920,--,--,42.71,0.0,1516,川飛,--
70,6,"5,049","75,325",14.95,20190919,14.85,15.00,42.71,0.05,1516,川飛,14.90
71,18,"25,628","382,003",15.00,20190918,14.75,15.05,42.86,0.2,1516,川飛,14.75
72,6,"4,002","59,128",14.80,20190917,14.75,14.80,42.29,0.1,1516,川飛,14.75
73,10,"17,039","250,179",14.70,20190916,14.60,14.70,42.0,0.0,1516,川飛,14.70
74,26,"33,098","482,139",14.70,20190912,14.50,14.70,42.0,0.0,1516,川飛,14.60
75,15,"13,609","200,659",14.70,20190911,14.70,14.80,42.0,0.2,1516,川飛,14.70
76,13,"17,002","251,528",14.90,20190910,14.70,14.90,42.57,0.0,1516,川飛,14.80
77,9,"21,348","319,898",14.90,20190909,14.90,15.00,42.57,0.0,1516,川飛,15.00
78,5,"3,154","46,993",14.90,20190906,14.90,14.90,42.57,0.1,1516,川飛,14.90
79,17,"28,052","416,030",15.00,20190905,14.70,15.00,42.86,0.05,1516,川飛,14.70
80,6,"7,278","108,764",14.95,20190904,14.95,14.95,42.71,0.0,1516,川飛,14.95
81,11,"15,690","235,083",14.95,20190903,14.95,15.05,42.71,0.05,1516,川飛,15.00
82,4,"2,385","35,536",15.00,20190902,14.80,15.00,42.86,0.2,1516,川飛,14.80
83,6,"3,270","49,676",15.20,20190830,15.20,15.20,43.43,0.0,1516,川飛,15.20
84,6,"5,202","78,949",15.20,20190829,15.00,15.25,43.43,0.0,1516,川飛,15.00
85,4,278,"4,170",--,20190828,--,--,42.86,0.0,1516,川飛,--
86,1,"1,000","15,000",15.0,20190827,15.0,15.0,42.86,0.05,1516,川飛,15.0
87,12,"14,162","211,604",14.95,20190826,14.8,15.05,42.71,0.15,1516,川飛,14.8
88,19,"26,156","382,892",14.8,20190823,14.5,14.8,42.29,0.0,1516,川飛,14.7
89,29,"24,694","378,092",15.25,20190822,15.25,15.55,43.57,0.0,1516,川飛,15.25
90,14,"20,251","310,527",15.25,20190821,15.25,15.35,43.57,0.1,1516,川飛,15.35
91,11,"17,385","266,220",15.35,20190820,15.2,15.4,43.86,0.0,1516,川飛,15.4
92,11,"11,991","184,262",15.35,20190819,15.35,15.5,43.86,0.15,1516,川飛,15.5
93,11,"10,521","161,446",15.5,20190816,15.3,15.5,44.29,0.0,1516,川飛,15.3
94,6,"7,001","108,065",15.5,20190815,15.35,15.5,44.29,0.05,1516,川飛,15.5
95,7,"5,200","80,549",15.55,20190814,15.35,15.6,44.43,0.05,1516,川飛,15.6
96,11,"12,000","184,650",15.5,20190813,15.35,15.5,44.29,0.0,1516,川飛,15.5
97,14,"11,705","179,355",15.5,20190812,15.3,15.5,44.29,0.05,1516,川飛,15.3
