,成交筆數,成交股數,成交金額,收盤價,日期,最低價,最高價,本益比,漲跌價差,證券代號,證券名稱,開盤價
0,35,"45,384","1,472,439",32.55,20191231,32.40,32.55,16.19,0.05,1234,黑松,32.40
1,50,"116,011","3,773,407",32.5,20191230,32.45,32.6,16.17,0.05,1234,黑松,32.55
2,54,"60,077","1,954,552",32.55,20191227,32.5,32.6,16.19,0.1,1234,黑松,32.6
3,126,"408,015","13,285,485",32.65,20191226,32.2,32.9,16.24,0.35,1234,黑松,32.2
4,49,"71,250","2,304,348",32.3,20191225,32.3,32.45,16.07,0.05,1234,黑松,32.35
5,66,"127,508","4,134,004",32.35,20191224,32.35,32.5,16.09,0.05,1234,黑松,32.4
6,45,"86,110","2,781,152",32.3,20191223,32.25,32.3,16.07,0.0,1234,黑松,32.3
7,55,"120,210","3,887,542",32.3,20191220,32.3,32.4,16.07,0.1,1234,黑松,32.4
8,64,"97,399","3,155,656",32.4,20191219,32.35,32.5,16.12,0.05,1234,黑松,32.5
9,147,"222,751","7,220,005",32.45,20191218,32.35,32.5,16.14,0.1,1234,黑松,32.35
10,87,"141,222","4,571,180",32.35,20191217,32.3,32.45,16.09,0.05,1234,黑松,32.35
11,75,"90,503","2,931,245",32.4,20191216,32.3,32.5,16.12,0.05,1234,黑松,32.35
12,63,"120,507","3,896,725",32.35,20191213,32.25,32.4,16.09,0.1,1234,黑松,32.35
13,36,"52,004","1,682,178",32.45,20191212,32.25,32.45,16.14,0.05,1234,黑松,32.4
14,64,"109,171","3,541,138",32.4,20191211,32.4,32.5,16.12,0.1,1234,黑松,32.45
15,22,"30,755","1,000,834",32.5,20191210,32.5,32.65,16.17,0.0,1234,黑松,32.65
16,40,"74,595","2,418,676",32.5,20191209,32.3,32.8,16.17,0.05,1234,黑松,32.55
17,44,"71,767","2,336,221",32.45,20191206,32.45,32.65,16.14,0.1,1234,黑松,32.55
18,33,"57,843","1,882,111",32.55,20191205,32.45,32.55,16.19,0.15,1234,黑松,32.45
19,14,"20,500","662,499",32.4,20191204,32.25,32.4,16.12,0.2,1234,黑松,32.25
20,22,"22,615","728,280",32.2,20191203,32.15,32.25,16.02,0.0,1234,黑松,32.2
21,13,"11,045","355,293",32.2,20191202,32.05,32.2,16.02,0.25,1234,黑松,32.05
22,62,"61,069","1,962,720",31.95,20191129,31.9,32.5,15.9,0.55,1234,黑松,32.5
23,24,"18,283","592,937",32.5,20191128,32.35,32.55,16.17,0.15,1234,黑松,32.35
24,34,"40,802","1,323,023",32.35,20191127,32.3,32.65,16.09,0.3,1234,黑松,32.6
25,54,"115,751","3,775,607",32.65,20191126,32.55,32.65,16.24,0.05,1234,黑松,32.6
26,35,"55,754","1,817,629",32.6,20191125,32.6,32.65,16.22,0.0,1234,黑松,32.6
27,23,"21,145","689,811",32.6,20191122,32.6,32.65,16.22,0.0,1234,黑松,32.6
28,69,"123,418","4,024,147",32.6,20191121,32.5,32.65,16.22,0.05,1234,黑松,32.6
29,85,"183,857","5,992,644",32.65,20191120,32.5,32.65,16.24,0.15,1234,黑松,32.5
30,58,"142,750","4,638,424",32.5,20191119,32.4,32.55,16.17,0.1,1234,黑松,32.5
31,65,"148,501","4,813,930",32.4,20191118,32.35,32.45,16.12,0.0,1234,黑松,32.4
32,100,"182,437","5,896,510",32.4,20191115,32.25,32.4,16.12,0.15,1234,黑松,32.25
33,45,"70,886","2,282,488",32.25,20191114,32.15,32.25,16.04,0.1,1234,黑松,32.15
34,36,"55,050","1,771,500",32.15,20191113,32.1,32.25,16.0,0.0,1234,黑松,32.1
35,83,"177,594","5,704,008",32.15,20191112,31.95,32.3,16.0,0.35,1234,黑松,31.95
36,34,"37,276","1,185,473",31.8,20191111,31.75,31.85,15.82,0.05,1234,黑松,31.85
37,19,"24,750","788,223",31.85,20191108,31.8,31.9,17.5,0.05,1234,黑松,31.8
38,20,"39,750","1,263,674",31.8,20191107,31.75,31.85,17.47,0.05,1234,黑松,31.75
39,27,"23,687","750,710",31.75,20191106,31.65,31.75,17.45,0.0,1234,黑松,31.75
40,24,"18,718","592,904",31.75,20191105,31.65,31.75,17.45,0.1,1234,黑松,31.7
41,65,"98,000","3,104,300",31.65,20191104,31.6,31.75,17.39,0.05,1234,黑松,31.7
42,33,"40,007","1,267,317",31.7,20191101,31.65,31.7,17.42,0.05,1234,黑松,31.7
43,13,"13,203","418,884",31.75,20191031,31.7,31.75,17.45,0.05,1234,黑松,31.7
44,22,"14,778","468,303",31.7,20191030,31.65,31.8,17.42,0.1,1234,黑松,31.8
45,19,"18,685","594,729",31.8,20191029,31.8,31.95,17.47,0.1,1234,黑松,31.9
46,7,"7,000","223,350",31.9,20191028,31.85,31.95,17.53,0.0,1234,黑松,31.85
47,51,"117,879","3,735,088",31.9,20191025,31.55,31.95,17.53,0.05,1234,黑松,31.95
48,23,"38,007","1,216,324",31.95,20191024,31.95,32.05,17.55,0.15,1234,黑松,32.0
49,28,"35,294","1,131,858",32.1,20191023,32.0,32.15,17.64,0.05,1234,黑松,32.05
50,39,"48,665","1,565,995",32.05,20191022,32.0,32.3,17.61,0.15,1234,黑松,32.3
51,93,"162,669","5,223,586",32.2,20191021,31.8,32.5,17.69,0.4,1234,黑松,31.8
52,39,"45,358","1,438,696",31.8,20191018,31.6,31.8,17.47,0.05,1234,黑松,31.75
53,57,"105,457","3,354,231",31.75,20191017,31.75,31.85,17.45,0.0,1234,黑松,31.75
54,70,"83,500","2,649,399",31.75,20191016,31.6,31.8,17.45,0.05,1234,黑松,31.6
55,16,"17,206","544,049",31.7,20191015,31.55,31.75,17.42,0.05,1234,黑松,31.75
56,76,"77,465","2,447,255",31.75,20191014,31.3,31.75,17.45,0.45,1234,黑松,31.3
57,21,"36,001","1,126,281",31.3,20191009,31.25,31.35,17.2,0.05,1234,黑松,31.25
58,23,"27,000","844,200",31.25,20191008,31.25,31.3,17.17,0.0,1234,黑松,31.25
59,20,"28,501","891,029",31.25,20191007,31.25,31.3,17.17,0.0,1234,黑松,31.25
60,81,"89,812","2,811,072",31.25,20191004,31.2,31.4,17.17,0.1,1234,黑松,31.35
61,15,"13,018","408,513",31.35,20191003,31.35,31.55,17.23,0.0,1234,黑松,31.55
62,14,"13,750","431,325",31.35,20191002,31.35,31.4,17.23,0.0,1234,黑松,31.35
63,16,"32,637","1,023,619",31.35,20191001,31.3,31.5,17.23,0.05,1234,黑松,31.5
64,47,"44,500","1,395,074",31.3,20190927,31.3,31.4,17.2,0.05,1234,黑松,31.4
65,33,"75,321","2,363,113",31.35,20190926,31.35,31.45,17.23,0.0,1234,黑松,31.35
66,7,"6,471","202,865",31.35,20190925,31.35,31.35,17.23,0.05,1234,黑松,31.35
67,15,"15,031","471,826",31.4,20190924,31.35,31.4,17.25,0.0,1234,黑松,31.4
68,28,"62,570","1,969,546",31.4,20190923,31.4,31.65,17.25,0.0,1234,黑松,31.5
69,21,"24,532","770,803",31.4,20190920,31.4,31.55,17.25,0.1,1234,黑松,31.45
70,14,"17,106","539,049",31.5,20190919,31.5,31.6,17.31,0.05,1234,黑松,31.55
71,143,"165,502","5,242,661",31.55,20190918,31.5,31.85,17.34,0.0,1234,黑松,31.5
72,28,"52,615","1,664,221",31.55,20190917,31.55,31.75,17.34,0.2,1234,黑松,31.75
73,52,"90,201","2,855,831",31.75,20190916,31.55,31.75,17.45,0.0,1234,黑松,31.55
74,77,"134,094","4,228,189",31.75,20190912,31.4,31.75,17.45,0.35,1234,黑松,31.4
75,65,"137,243","4,320,765",31.4,20190911,31.4,31.5,17.25,0.15,1234,黑松,31.5
76,58,"170,126","5,342,360",31.55,20190910,31.3,31.55,17.34,0.15,1234,黑松,31.5
77,43,"100,001","3,146,981",31.4,20190909,31.4,31.55,17.25,0.05,1234,黑松,31.5
78,32,"69,095","2,175,541",31.45,20190906,31.45,31.55,17.28,0.05,1234,黑松,31.5
79,23,"20,222","639,913",31.5,20190905,31.5,31.9,17.31,0.25,1234,黑松,31.85
80,53,"54,052","1,706,441",31.75,20190904,31.45,31.75,17.45,0.3,1234,黑松,31.5
81,17,"8,794","276,116",31.45,20190903,31.35,31.5,17.28,0.1,1234,黑松,31.5
82,29,"33,851","1,062,126",31.35,20190902,31.35,31.5,17.23,0.05,1234,黑松,31.35
83,46,"131,021","4,111,154",31.3,20190830,31.25,31.6,17.2,0.15,1234,黑松,31.45
84,30,"44,924","1,412,652",31.45,20190829,31.4,31.6,17.28,0.05,1234,黑松,31.4
85,17,"29,751","935,042",31.4,20190828,31.4,31.5,17.25,0.0,1234,黑松,31.45
86,7,"13,001","409,131",31.4,20190827,31.4,31.5,17.25,0.0,1234,黑松,31.45
87,25,"52,045","1,630,923",31.4,20190826,31.3,31.55,17.25,0.15,1234,黑松,31.55
88,14,"33,753","1,065,319",31.55,20190823,31.55,31.75,17.34,0.0,1234,黑松,31.7
89,21,"20,650","652,605",31.55,20190822,31.5,31.85,17.34,0.1,1234,黑松,31.8
90,87,"110,500","3,490,448",31.45,20190821,31.4,31.8,17.28,0.05,1234,黑松,31.4
91,46,"60,321","1,897,977",31.4,20190820,31.4,31.6,17.25,0.2,1234,黑松,31.6
92,28,"34,101","1,078,670",31.6,20190819,31.5,31.7,17.36,0.1,1234,黑松,31.7
93,33,"41,230","1,307,849",31.7,20190816,31.7,31.8,17.42,0.05,1234,黑松,31.7
94,47,"49,647","1,572,037",31.75,20190815,31.4,31.75,17.45,0.05,1234,黑松,31.7
95,16,"21,044","668,208",31.8,20190814,31.7,31.8,17.47,0.0,1234,黑松,31.8
96,23,"19,726","625,483",31.8,20190813,31.65,31.8,17.47,0.05,1234,黑松,31.65
97,46,"64,824","2,063,418",31.85,20190812,31.65,31.9,17.22,0.15,1234,黑松,31.8
