,成交筆數,成交股數,成交金額,收盤價,日期,最低價,最高價,本益比,漲跌價差,證券代號,證券名稱,開盤價
0,41,"42,407","1,473,166",34.70,20191231,34.70,34.80,23.29,0.05,1225,福懋油,34.75
1,81,"103,080","3,580,380",34.65,20191230,34.60,35.00,23.26,0.35,1225,福懋油,35.00
2,52,"88,002","3,084,326",35.00,20191227,34.90,35.15,23.49,0.35,1225,福懋油,35.15
3,50,"67,030","2,330,684",34.65,20191226,34.65,34.85,23.26,0.1,1225,福懋油,34.80
4,122,"169,248","5,893,446",34.75,20191225,34.60,35.30,23.32,0.15,1225,福懋油,35.10
5,109,"112,035","3,877,430",34.60,20191224,34.50,34.90,23.22,0.2,1225,福懋油,34.80
6,187,"697,014","23,129,748",34.80,20191223,34.80,35.60,23.36,0.7,1225,福懋油,35.60
7,80,"56,130","1,997,534",35.50,20191220,35.45,35.85,23.83,0.05,1225,福懋油,35.65
8,121,"147,092","5,239,212",35.55,20191219,35.50,35.95,23.86,0.25,1225,福懋油,35.95
9,172,"158,136","5,651,674",35.80,20191218,35.15,35.95,24.03,0.6,1225,福懋油,35.20
10,112,"74,482","2,629,156",35.20,20191217,35.15,35.45,23.62,0.1,1225,福懋油,35.30
11,285,"118,788","4,192,233",35.30,20191216,34.75,35.60,23.69,0.45,1225,福懋油,34.85
12,115,"180,024","6,275,321",34.85,20191213,34.70,35.35,23.39,0.0,1225,福懋油,34.95
13,82,"95,060","3,332,099",34.85,20191212,34.85,35.30,23.39,0.4,1225,福懋油,35.25
14,77,"195,381","6,913,848",35.25,20191211,35.25,35.50,23.66,0.15,1225,福懋油,35.40
15,51,"66,004","2,341,690",35.40,20191210,35.35,35.85,23.76,0.0,1225,福懋油,35.40
16,206,"371,002","13,377,820",35.40,20191209,35.30,36.75,23.76,0.2,1225,福懋油,36.00
17,96,"106,975","3,764,156",35.60,20191206,34.90,35.60,23.89,0.7,1225,福懋油,34.90
18,142,"243,439","8,545,266",34.90,20191205,34.90,35.45,23.42,0.5,1225,福懋油,35.40
19,56,"59,264","2,095,494",35.40,20191204,35.20,35.60,23.76,0.2,1225,福懋油,35.35
20,83,"87,078","3,071,475",35.60,20191203,35.00,35.70,23.89,0.3,1225,福懋油,35.70
21,144,"172,871","6,118,280",35.30,20191202,35.00,36.60,23.69,0.9,1225,福懋油,36.60
22,265,"399,603","14,389,324",36.20,20191129,35.55,37.10,24.3,0.0,1225,福懋油,37.10
23,713,"1,100,060","40,865,382",36.20,20191128,36.20,38.70,24.3,0.1,1225,福懋油,36.70
24,871,"1,314,193","48,595,902",36.30,20191127,36.20,38.70,24.36,3.85,1225,福懋油,38.70
25,"1,672","2,654,078","111,029,378",40.15,20191126,40.00,43.15,26.95,0.9,1225,福懋油,40.55
26,721,"1,397,209","54,425,999",39.25,20191125,37.00,39.25,26.34,3.55,1225,福懋油,37.00
27,198,"267,986","8,970,794",35.70,20191122,32.00,36.10,23.96,2.85,1225,福懋油,32.10
28,79,"93,002","3,073,465",32.85,20191121,32.85,33.60,22.05,0.8,1225,福懋油,33.60
29,100,"118,719","4,022,294",33.65,20191120,33.60,34.15,22.58,1.15,1225,福懋油,34.15
30,70,"85,689","2,997,957",34.80,20191119,34.80,35.60,23.36,0.65,1225,福懋油,35.45
31,77,"84,076","2,957,773",35.45,20191118,35.00,36.20,23.79,0.25,1225,福懋油,36.20
32,34,"507,981","16,552,166",35.70,20191115,35.50,35.90,23.96,0.15,1225,福懋油,35.90
33,52,"53,687","1,930,411",35.85,20191114,35.85,36.20,24.06,0.75,1225,福懋油,36.20
34,58,"75,457","2,724,933",36.60,20191113,36.00,36.60,32.11,0.0,1225,福懋油,36.15
35,47,"81,129","2,962,601",36.60,20191112,36.35,36.85,32.11,0.2,1225,福懋油,36.85
36,44,"64,025","2,355,865",36.80,20191111,36.55,37.45,32.28,0.5,1225,福懋油,37.45
37,40,"60,036","2,222,385",37.30,20191108,36.70,37.55,32.72,0.0,1225,福懋油,37.55
38,90,"124,062","4,595,498",37.30,20191107,36.85,37.30,32.72,0.2,1225,福懋油,37.30
39,25,"24,812","927,586",37.50,20191106,37.20,37.65,32.89,0.15,1225,福懋油,37.65
40,60,"67,500","2,531,471",37.65,20191105,37.10,38.00,33.03,0.2,1225,福懋油,37.90
41,41,"52,001","1,956,737",37.85,20191104,37.50,38.10,33.2,0.35,1225,福懋油,38.10
42,31,"40,091","1,516,832",38.20,20191101,37.50,38.60,33.51,0.0,1225,福懋油,38.10
43,55,"63,390","2,391,320",38.20,20191031,37.50,38.20,33.51,0.0,1225,福懋油,38.20
44,55,"54,500","2,055,100",38.20,20191030,37.50,38.25,33.51,0.15,1225,福懋油,38.25
45,43,"57,067","2,180,247",38.05,20191029,38.00,38.70,33.38,0.65,1225,福懋油,38.70
46,37,"37,099","1,429,629",38.70,20191028,38.35,38.70,33.95,0.0,1225,福懋油,38.70
47,20,"22,535","876,097",38.70,20191025,38.70,39.00,33.95,0.0,1225,福懋油,38.70
48,54,"55,386","2,150,207",38.70,20191024,38.35,39.20,33.95,0.3,1225,福懋油,38.90
49,34,"46,202","1,797,128",39.00,20191023,38.50,39.00,34.21,0.15,1225,福懋油,38.85
50,129,"161,183","6,308,307",38.85,20191022,38.75,40.50,34.08,1.35,1225,福懋油,40.50
51,82,"109,537","4,450,433",40.20,20191021,39.95,41.80,35.26,0.65,1225,福懋油,41.45
52,126,"195,207","8,087,137",40.85,20191018,40.85,42.90,35.83,0.15,1225,福懋油,41.40
53,220,"281,208","11,628,697",41.00,20191017,40.00,42.30,35.96,0.95,1225,福懋油,40.00
54,90,"183,205","7,021,409",40.05,20191016,37.35,40.20,35.13,2.6,1225,福懋油,37.50
55,11,"7,222","270,308",37.45,20191015,37.15,37.60,32.85,0.05,1225,福懋油,37.15
56,28,"24,801","919,016",37.40,20191014,36.90,37.45,32.81,0.4,1225,福懋油,37.00
57,32,"36,002","1,335,726",37.00,20191009,36.90,37.90,32.46,1.1,1225,福懋油,37.90
58,88,"109,316","4,229,166",38.10,20191008,38.10,39.60,33.42,0.3,1225,福懋油,38.60
59,82,"141,789","5,241,982",37.80,20191007,36.40,38.45,33.16,0.8,1225,福懋油,36.40
60,95,"181,645","6,786,565",37.00,20191004,36.80,38.65,32.46,1.3,1225,福懋油,38.30
61,4,"3,021","115,561",38.30,20191003,38.15,38.30,33.6,0.4,1225,福懋油,38.15
62,59,"867,003","30,752,167",38.70,20191002,38.35,39.15,33.95,0.4,1225,福懋油,39.00
63,68,"768,135","27,678,077",39.10,20191001,39.10,40.50,34.3,0.4,1225,福懋油,39.55
64,112,"117,786","4,736,537",39.50,20190927,39.00,42.00,34.65,2.5,1225,福懋油,42.00
65,53,"55,210","2,352,555",42.00,20190926,42.00,43.00,36.84,1.0,1225,福懋油,43.00
66,36,"38,501","1,664,341",43.00,20190925,42.80,43.60,37.72,0.5,1225,福懋油,43.60
67,33,"33,353","1,450,767",43.50,20190924,43.30,43.70,38.16,0.1,1225,福懋油,43.30
68,73,"138,470","6,038,847",43.40,20190923,43.40,44.35,38.07,1.05,1225,福懋油,44.35
69,48,"49,780","2,224,918",44.45,20190920,44.45,45.80,38.99,0.55,1225,福懋油,45.80
70,38,"40,482","1,824,240",45.00,20190919,44.55,45.70,39.47,0.2,1225,福懋油,45.20
71,73,"68,318","3,087,221",45.20,20190918,45.00,45.40,39.65,0.3,1225,福懋油,45.30
72,59,"66,244","3,035,501",45.50,20190917,45.50,46.85,39.91,1.35,1225,福懋油,46.85
73,46,"58,821","2,764,862",46.85,20190916,46.75,47.40,41.1,0.4,1225,福懋油,47.40
74,85,"87,187","4,160,730",47.25,20190912,47.00,48.85,41.45,0.85,1225,福懋油,48.00
75,22,"21,063","1,016,424",48.10,20190911,47.95,49.20,42.19,0.55,1225,福懋油,49.20
76,19,"11,879","579,060",48.65,20190910,48.65,49.05,42.68,0.65,1225,福懋油,48.65
77,34,"28,560","1,417,606",49.30,20190909,49.30,50.30,43.25,0.45,1225,福懋油,49.75
78,43,"62,781","3,142,450",49.75,20190906,49.75,50.50,43.64,0.75,1225,福懋油,50.50
79,55,"65,352","3,278,173",50.50,20190905,50.00,50.50,44.3,0.0,1225,福懋油,50.00
80,47,"55,702","2,794,202",50.50,20190904,49.85,50.90,44.3,0.0,1225,福懋油,50.10
81,28,"26,500","1,329,447",50.50,20190903,50.00,50.50,44.3,0.0,1225,福懋油,50.20
82,29,"43,107","2,184,780",50.50,20190902,50.40,51.00,44.3,0.1,1225,福懋油,50.80
83,19,"23,501","1,175,649",50.60,20190830,49.95,50.60,44.39,0.3,1225,福懋油,50.00
84,33,"35,500","1,771,699",50.30,20190829,49.50,50.50,44.12,0.0,1225,福懋油,50.00
85,26,"28,000","1,399,150",50.30,20190828,49.65,50.40,44.12,0.0,1225,福懋油,50.40
86,16,"16,011","804,152",50.30,20190827,50.10,50.40,44.12,0.4,1225,福懋油,50.10
87,27,"40,149","2,037,409",50.70,20190826,50.50,51.10,44.47,0.0,1225,福懋油,50.80
88,18,"25,001","1,261,850",50.70,20190823,50.00,50.70,44.47,0.0,1225,福懋油,50.20
89,26,"21,062","1,079,966",51.10,20190822,51.10,51.50,44.82,0.4,1225,福懋油,51.50
90,30,"32,100","1,653,950",51.50,20190821,51.10,52.40,45.18,0.0,1225,福懋油,51.50
91,22,"18,067","925,047",51.50,20190820,51.00,51.50,45.18,0.0,1225,福懋油,51.00
92,18,"17,021","871,181",51.50,20190819,51.00,51.50,45.18,0.3,1225,福懋油,51.20
93,23,"24,497","1,265,494",51.80,20190816,51.40,52.00,45.44,0.0,1225,福懋油,51.90
94,5,870,"44,020",--,20190815,--,--,45.18,0.0,1225,福懋油,--
95,39,"36,409","1,866,198",51.1,20190814,51.1,52.8,44.82,1.2,1225,福懋油,52.8
96,52,"63,000","3,255,500",52.3,20190813,51.1,53.0,45.48,0.7,1225,福懋油,53.0
97,48,"94,030","4,955,892",53.0,20190812,51.5,53.6,46.09,0.1,1225,福懋油,52.0
