,成交筆數,成交股數,成交金額,收盤價,日期,最低價,最高價,本益比,漲跌價差,證券代號,證券名稱,開盤價
0,10,"45,500","174,497",3.83,20191231,3.83,3.89,0.00,0.00,1512,瑞利,3.83
1,39,"77,291","291,652",3.83,20191230,3.75,3.83,0.0,0.07,1512,瑞利,3.80
2,7,"28,000","109,200",3.90,20191227,3.90,3.90,0.0,0.1,1512,瑞利,3.90
3,25,"56,502","214,239",3.80,20191226,3.79,3.80,0.0,0.05,1512,瑞利,3.79
4,36,"134,539","512,017",3.85,20191225,3.80,3.85,0.0,0.0,1512,瑞利,3.80
5,21,"40,787","157,629",3.85,20191224,3.85,3.90,0.0,0.0,1512,瑞利,3.85
6,25,"43,311","168,671",3.85,20191223,3.85,3.90,0.0,0.06,1512,瑞利,3.90
7,7,"9,007","35,068",3.91,20191220,3.88,3.91,0.0,0.08,1512,瑞利,3.88
8,19,"46,080","181,127",3.99,20191219,3.83,3.99,0.0,0.0,1512,瑞利,3.83
9,28,"70,010","273,090",3.99,20191218,3.85,4.00,0.0,0.01,1512,瑞利,4.00
10,27,"77,001","305,454",4.00,20191217,3.91,4.00,0.0,0.02,1512,瑞利,4.00
11,14,"20,060","80,221",4.02,20191216,3.90,4.02,0.0,0.11,1512,瑞利,3.90
12,10,"29,001","113,394",3.91,20191213,3.91,3.91,0.0,0.0,1512,瑞利,3.91
13,23,"77,002","300,366",3.91,20191212,3.90,3.91,0.0,0.01,1512,瑞利,3.90
14,15,"49,800","194,264",3.90,20191211,3.90,3.90,0.0,0.0,1512,瑞利,3.90
15,27,"95,352","375,793",3.90,20191210,3.90,3.95,0.0,0.05,1512,瑞利,3.95
16,27,"81,008","320,672",3.95,20191209,3.95,3.97,0.0,0.02,1512,瑞利,3.97
17,25,"47,092","184,381",3.93,20191206,3.90,3.93,0.0,0.01,1512,瑞利,3.92
18,27,"71,021","277,079",3.92,20191205,3.90,3.92,0.0,0.07,1512,瑞利,3.90
19,35,"95,565","367,844",3.85,20191204,3.80,3.90,0.0,0.05,1512,瑞利,3.90
20,24,"99,001","378,103",3.80,20191203,3.80,3.90,0.0,0.1,1512,瑞利,3.80
21,34,"169,032","652,830",3.90,20191202,3.80,3.90,0.0,0.1,1512,瑞利,3.80
22,52,"219,450","837,418",3.80,20191129,3.75,3.90,0.0,0.02,1512,瑞利,3.90
23,97,"442,040","1,683,866",3.82,20191128,3.75,4.02,0.0,0.19,1512,瑞利,4.01
24,113,"324,877","1,260,478",4.01,20191127,3.73,4.01,0.0,0.0,1512,瑞利,3.73
25,143,"491,758","1,985,803",4.01,20191126,4.01,4.26,0.0,0.44,1512,瑞利,4.26
26,18,"30,652","136,233",4.45,20191125,4.41,4.50,0.0,0.15,1512,瑞利,4.50
27,54,"182,321","839,568",4.60,20191122,4.40,4.71,0.0,0.15,1512,瑞利,4.40
28,70,"165,793","714,767",4.45,20191121,4.10,4.45,0.0,0.4,1512,瑞利,4.10
29,218,"966,175","3,664,635",4.05,20191120,3.70,4.05,0.0,0.06,1512,瑞利,3.70
30,81,"462,749","1,901,925",4.11,20191119,4.11,4.11,0.0,0.45,1512,瑞利,4.11
31,149,"484,424","2,225,679",4.56,20191118,4.56,4.98,0.0,0.5,1512,瑞利,4.56
32,8,"6,029","30,645",5.06,20191115,5.06,5.13,0.0,0.09,1512,瑞利,5.13
33,21,"76,002","388,290",5.15,20191114,5.01,5.19,0.0,0.07,1512,瑞利,5.19
34,25,"75,162","389,941",5.22,20191113,5.08,5.23,0.0,0.07,1512,瑞利,5.11
35,12,"57,452","298,923",5.29,20191112,5.19,5.29,0.0,0.09,1512,瑞利,5.19
36,14,"18,999","100,713",5.20,20191111,5.20,5.30,0.0,0.03,1512,瑞利,5.30
37,18,"59,012","309,420",5.23,20191108,5.19,5.30,0.0,0.07,1512,瑞利,5.23
38,19,"24,342","128,835",5.30,20191107,5.26,5.34,0.0,0.0,1512,瑞利,5.34
39,15,"23,830","125,646",5.30,20191106,5.21,5.36,0.0,0.0,1512,瑞利,5.36
40,18,"36,101","192,359",5.30,20191105,5.25,5.39,0.0,0.05,1512,瑞利,5.39
41,45,"48,850","258,998",5.35,20191104,5.20,5.45,0.0,0.11,1512,瑞利,5.24
42,10,"11,060","58,276",5.24,20191101,5.24,5.30,0.0,0.0,1512,瑞利,5.30
43,18,"37,012","194,803",5.24,20191031,5.24,5.30,0.0,0.0,1512,瑞利,5.25
44,3,223,"1,117",--,20191030,--,--,0.0,0.0,1512,瑞利,--
45,15,"28,105","151,632",5.46,20191029,5.30,5.46,0.0,0.03,1512,瑞利,5.31
46,26,"52,026","277,273",5.49,20191028,5.24,5.49,0.0,0.0,1512,瑞利,5.25
47,19,"71,011","388,528",5.49,20191025,5.31,5.55,0.0,0.18,1512,瑞利,5.31
48,8,"11,339","60,194",5.31,20191024,5.30,5.31,0.0,0.09,1512,瑞利,5.30
49,18,"35,500","190,323",5.40,20191023,5.30,5.43,0.0,0.03,1512,瑞利,5.30
50,44,"82,539","451,280",5.43,20191022,5.30,5.54,0.0,0.23,1512,瑞利,5.54
51,28,"90,581","468,047",5.20,20191021,5.05,5.28,0.0,0.01,1512,瑞利,5.18
52,17,"45,004","235,180",5.21,20191018,5.05,5.34,0.0,0.09,1512,瑞利,5.05
53,29,"66,014","340,600",5.12,20191017,5.10,5.21,0.0,0.0,1512,瑞利,5.15
54,21,"34,112","171,541",5.12,20191016,5.00,5.12,0.0,0.0,1512,瑞利,5.00
55,18,"41,002","206,129",5.12,20191015,5.00,5.13,0.0,0.12,1512,瑞利,5.13
56,5,"6,040","30,508",5.00,20191014,5.00,5.11,0.0,0.03,1512,瑞利,5.11
57,24,"54,027","270,502",4.97,20191009,4.88,5.05,0.0,0.07,1512,瑞利,4.88
58,18,"48,001","239,485",5.04,20191008,4.86,5.04,0.0,0.03,1512,瑞利,4.86
59,26,"81,957","410,608",5.01,20191007,5.00,5.05,0.0,0.09,1512,瑞利,5.05
60,35,"149,091","751,779",5.10,20191004,4.80,5.10,0.0,0.08,1512,瑞利,4.80
61,22,"100,007","501,135",5.02,20191003,4.90,5.05,0.0,0.0,1512,瑞利,5.00
62,15,"33,601","168,631",5.02,20191002,5.00,5.05,0.0,0.0,1512,瑞利,5.02
63,9,"26,414","131,760",5.02,20191001,4.95,5.02,0.0,0.0,1512,瑞利,5.02
64,9,"34,004","170,520",5.02,20190927,4.95,5.11,0.0,0.02,1512,瑞利,5.00
65,7,"45,001","225,204",5.00,20190926,5.00,5.01,0.0,0.01,1512,瑞利,5.00
66,25,"71,009","355,198",5.01,20190925,4.99,5.02,0.0,0.01,1512,瑞利,4.99
67,23,"79,770","399,109",5.00,20190924,5.00,5.10,0.0,0.02,1512,瑞利,5.10
68,25,"21,116","107,000",5.02,20190923,5.02,5.10,0.0,0.06,1512,瑞利,5.02
69,13,"33,765","170,310",5.08,20190920,5.02,5.08,0.0,0.03,1512,瑞利,5.05
70,30,"83,730","423,076",5.05,20190919,5.00,5.17,0.0,0.03,1512,瑞利,5.08
71,9,"1,827","8,980",5.08,20190918,5.08,5.08,0.0,0.02,1512,瑞利,5.08
72,8,"7,602","38,676",5.10,20190917,5.10,5.10,0.0,0.1,1512,瑞利,5.10
73,24,"89,832","467,781",5.20,20190916,5.20,5.30,0.0,0.05,1512,瑞利,5.20
74,11,"31,009","157,495",5.15,20190912,5.05,5.15,0.0,0.05,1512,瑞利,5.10
75,27,"79,228","402,645",5.10,20190911,5.00,5.10,0.0,0.02,1512,瑞利,5.00
76,20,"54,024","273,240",5.08,20190910,5.01,5.10,0.0,0.0,1512,瑞利,5.08
77,30,"57,015","289,975",5.08,20190909,5.05,5.30,0.0,0.24,1512,瑞利,5.30
78,6,"23,001","120,785",5.32,20190906,5.24,5.32,0.0,0.08,1512,瑞利,5.24
79,21,"63,026","330,003",5.24,20190905,5.18,5.25,0.0,0.0,1512,瑞利,5.24
80,18,"23,006","118,540",5.24,20190904,5.10,5.24,0.0,0.0,1512,瑞利,5.10
81,14,"20,004","104,010",5.24,20190903,5.19,5.24,0.0,0.06,1512,瑞利,5.19
82,21,"19,015","97,775",5.18,20190902,5.10,5.20,0.0,0.02,1512,瑞利,5.20
83,25,"50,061","262,080",5.16,20190830,5.12,5.43,0.0,0.08,1512,瑞利,5.24
84,20,"41,007","212,435",5.24,20190829,5.15,5.24,0.0,0.04,1512,瑞利,5.20
85,16,"33,001","170,595",5.20,20190828,5.14,5.23,0.0,0.1,1512,瑞利,5.15
86,7,"9,002","47,720",5.30,20190827,5.30,5.31,0.0,0.1,1512,瑞利,5.31
87,26,"67,001","359,835",5.40,20190826,5.23,5.41,0.0,0.17,1512,瑞利,5.23
88,20,"54,000","280,660",5.23,20190823,5.12,5.25,0.0,0.03,1512,瑞利,5.12
89,23,"58,001","307,395",5.20,20190822,5.18,5.38,0.0,0.0,1512,瑞利,5.38
90,0,0,0,--,20190821,--,--,0.0,0.0,1512,瑞利,--
91,7,"32,000","174,430",5.36,20190820,5.36,5.51,0.0,0.0,1512,瑞利,5.51
92,0,0,0,--,20190819,--,--,0.0,0.0,1512,瑞利,--
93,26,"75,004","402,611",5.5,20190816,5.23,5.5,0.0,0.12,1512,瑞利,5.34
94,7,"7,101","38,519",5.38,20190815,5.38,5.5,0.0,0.02,1512,瑞利,5.5
95,12,"46,008","249,141",5.4,20190814,5.4,5.45,0.0,0.1,1512,瑞利,5.4
96,9,"30,008","163,643",5.5,20190813,5.4,5.5,0.0,0.0,1512,瑞利,5.4
97,38,"90,010","489,252",5.5,20190812,5.36,5.6,0.0,0.15,1512,瑞利,5.6
