,成交筆數,成交股數,成交金額,收盤價,日期,最低價,最高價,本益比,漲跌價差,證券代號,證券名稱,開盤價
0,48,"52,770","1,337,489",25.40,20191231,25.25,25.40,21.17,0.05,1708,東鹼,25.35
1,46,"56,399","1,435,453",25.35,20191230,25.35,25.5,21.12,0.1,1708,東鹼,25.45
2,53,"112,283","2,861,419",25.45,20191227,25.45,25.55,21.21,0.05,1708,東鹼,25.5
3,95,"153,532","3,912,023",25.5,20191226,25.3,25.65,21.25,0.15,1708,東鹼,25.65
4,84,"108,444","2,784,468",25.65,20191225,25.6,25.8,21.38,0.05,1708,東鹼,25.7
5,224,"498,765","12,864,802",25.7,20191224,25.45,26.0,21.42,0.2,1708,東鹼,25.45
6,120,"153,374","3,887,321",25.5,20191223,25.25,25.5,21.25,0.25,1708,東鹼,25.25
7,130,"231,777","5,821,144",25.25,20191220,24.8,25.35,21.04,0.45,1708,東鹼,24.8
8,76,"194,353","4,821,145",24.8,20191219,24.7,25.1,20.67,0.25,1708,東鹼,25.0
9,123,"200,363","5,012,247",25.05,20191218,24.95,25.1,20.88,0.1,1708,東鹼,24.95
10,92,"162,570","4,052,410",24.95,20191217,24.85,25.0,20.79,0.05,1708,東鹼,24.95
11,153,"269,856","6,664,618",24.9,20191216,24.55,24.95,20.75,0.3,1708,東鹼,24.65
12,70,"101,938","2,504,277",24.6,20191213,24.45,24.75,20.5,0.05,1708,東鹼,24.75
13,100,"188,996","4,662,396",24.65,20191212,24.5,25.0,20.54,0.05,1708,東鹼,24.6
14,65,"121,334","2,974,843",24.6,20191211,24.45,24.6,20.5,0.1,1708,東鹼,24.45
15,48,"54,388","1,331,280",24.5,20191210,24.45,24.55,20.42,0.05,1708,東鹼,24.55
16,122,"294,832","7,245,379",24.55,20191209,24.5,24.65,20.46,0.05,1708,東鹼,24.5
17,106,"180,073","4,426,394",24.6,20191206,24.45,24.8,20.5,0.1,1708,東鹼,24.5
18,96,"179,589","4,374,284",24.5,20191205,24.15,24.5,20.42,0.35,1708,東鹼,24.15
19,52,"57,766","1,393,203",24.15,20191204,24.1,24.2,20.12,0.05,1708,東鹼,24.1
20,37,"30,551","736,874",24.1,20191203,24.05,24.2,20.08,0.1,1708,東鹼,24.2
21,54,"100,215","2,411,166",24.2,20191202,24.05,24.2,20.17,0.05,1708,東鹼,24.15
22,95,"192,430","4,651,309",24.15,20191129,24.1,24.35,20.12,0.15,1708,東鹼,24.25
23,59,"83,114","2,024,362",24.3,20191128,24.3,24.45,20.25,0.15,1708,東鹼,24.45
24,88,"116,130","2,818,953",24.45,20191127,24.2,24.5,20.38,0.15,1708,東鹼,24.3
25,71,"145,356","3,519,558",24.3,20191126,24.15,24.3,20.25,0.1,1708,東鹼,24.2
26,45,"74,042","1,793,761",24.2,20191125,24.2,24.25,20.17,0.05,1708,東鹼,24.25
27,59,"78,058","1,887,946",24.25,20191122,24.1,24.25,20.21,0.05,1708,東鹼,24.2
28,84,"115,415","2,789,016",24.2,20191121,24.15,24.25,20.17,0.05,1708,東鹼,24.25
29,69,"95,635","2,318,344",24.25,20191120,24.2,24.3,20.21,0.05,1708,東鹼,24.25
30,70,"88,994","2,161,493",24.3,20191119,24.25,24.35,20.25,0.05,1708,東鹼,24.25
31,98,"171,357","4,161,051",24.25,20191118,24.2,24.45,20.21,0.1,1708,東鹼,24.2
32,94,"172,553","4,190,005",24.35,20191115,24.2,24.4,20.29,0.1,1708,東鹼,24.4
33,46,"75,066","1,828,151",24.45,20191114,24.25,24.45,20.38,0.15,1708,東鹼,24.3
34,123,"269,205","6,549,246",24.3,20191113,24.25,24.55,20.25,0.05,1708,東鹼,24.35
35,112,"236,680","5,780,387",24.35,20191112,24.3,24.55,20.29,0.05,1708,東鹼,24.45
36,267,"587,053","14,354,435",24.4,20191111,24.3,24.9,20.33,0.55,1708,東鹼,24.9
37,108,"177,892","4,434,202",24.95,20191108,24.85,25.05,20.79,0.15,1708,東鹼,25.05
38,73,"141,537","3,554,993",25.1,20191107,25.05,25.2,20.92,0.0,1708,東鹼,25.15
39,64,"89,162","2,237,502",25.1,20191106,25.05,25.2,16.96,0.15,1708,東鹼,25.15
40,111,"182,860","4,594,571",25.25,20191105,24.9,25.35,17.06,0.05,1708,東鹼,25.3
41,85,"178,177","4,514,619",25.3,20191104,25.25,25.4,17.09,0.05,1708,東鹼,25.4
42,47,"53,376","1,349,702",25.35,20191101,25.2,25.4,17.13,0.05,1708,東鹼,25.35
43,75,"133,616","3,374,370",25.3,20191031,25.15,25.4,17.09,0.15,1708,東鹼,25.15
44,68,"87,355","2,198,716",25.15,20191030,25.15,25.25,16.99,0.0,1708,東鹼,25.2
45,91,"131,147","3,303,199",25.15,20191029,25.1,25.4,16.99,0.2,1708,東鹼,25.35
46,217,"530,415","13,353,644",25.35,20191028,25.05,25.35,17.13,0.05,1708,東鹼,25.15
47,49,"71,751","1,825,531",25.4,20191025,25.4,25.6,17.16,0.05,1708,東鹼,25.5
48,61,"97,675","2,478,966",25.45,20191024,25.35,25.45,17.2,0.1,1708,東鹼,25.35
49,61,"146,792","3,717,857",25.35,20191023,25.25,25.4,17.13,0.05,1708,東鹼,25.4
50,78,"178,139","4,532,575",25.4,20191022,25.35,25.55,17.16,0.1,1708,東鹼,25.5
51,52,"116,074","2,959,232",25.5,20191021,25.4,25.55,17.23,0.0,1708,東鹼,25.5
52,45,"42,759","1,092,351",25.5,20191018,25.5,25.6,17.23,0.0,1708,東鹼,25.5
53,52,"40,170","1,024,779",25.5,20191017,25.4,25.65,17.23,0.0,1708,東鹼,25.4
54,87,"92,137","2,342,513",25.5,20191016,25.3,25.6,17.23,0.15,1708,東鹼,25.35
55,56,"138,488","3,523,266",25.35,20191015,25.35,25.6,17.13,0.1,1708,東鹼,25.45
56,58,"82,440","2,103,493",25.45,20191014,25.45,25.6,17.2,0.05,1708,東鹼,25.5
57,33,"52,014","1,328,604",25.5,20191009,25.5,25.65,17.23,0.1,1708,東鹼,25.55
58,125,"381,633","9,764,508",25.6,20191008,25.5,25.65,17.3,0.1,1708,東鹼,25.65
59,42,"57,838","1,490,380",25.7,20191007,25.7,25.9,17.36,0.0,1708,東鹼,25.7
60,67,"80,808","2,080,890",25.7,20191004,25.7,25.8,17.36,0.15,1708,東鹼,25.75
61,41,"101,347","2,615,432",25.85,20191003,25.75,26.0,17.47,0.05,1708,東鹼,25.75
62,44,"41,746","1,079,914",25.9,20191002,25.75,26.0,17.5,0.05,1708,東鹼,25.75
63,46,"49,299","1,271,873",25.85,20191001,25.7,25.9,17.47,0.05,1708,東鹼,25.8
64,72,"84,335","2,173,139",25.8,20190927,25.7,25.85,17.43,0.1,1708,東鹼,25.8
65,91,"142,478","3,684,720",25.9,20190926,25.75,26.05,17.5,0.0,1708,東鹼,25.95
66,91,"138,885","3,588,964",25.9,20190925,25.7,25.9,17.5,0.2,1708,東鹼,25.7
67,61,"80,834","2,078,222",25.7,20190924,25.65,25.8,17.36,0.05,1708,東鹼,25.8
68,74,"162,173","4,182,140",25.75,20190923,25.65,25.85,17.4,0.1,1708,東鹼,25.65
69,49,"111,711","2,869,120",25.65,20190920,25.55,25.75,17.33,0.1,1708,東鹼,25.6
70,63,"76,516","1,961,622",25.55,20190919,25.55,25.75,17.26,0.1,1708,東鹼,25.55
71,100,"172,338","4,410,360",25.65,20190918,25.45,25.75,17.33,0.05,1708,東鹼,25.6
72,52,"33,146","851,638",25.7,20190917,25.6,25.75,17.36,0.0,1708,東鹼,25.7
73,74,"146,126","3,749,929",25.7,20190916,25.55,25.8,17.36,0.0,1708,東鹼,25.7
74,57,"40,075","1,030,319",25.7,20190912,25.6,25.8,17.36,0.1,1708,東鹼,25.6
75,43,"29,282","751,991",25.6,20190911,25.6,25.95,17.3,0.05,1708,東鹼,25.95
76,67,"61,145","1,570,164",25.65,20190910,25.6,25.75,17.33,0.0,1708,東鹼,25.6
77,80,"107,265","2,752,646",25.65,20190909,25.6,25.75,17.33,0.0,1708,東鹼,25.65
78,84,"70,343","1,802,899",25.65,20190906,25.55,25.75,17.33,0.05,1708,東鹼,25.65
79,124,"184,512","4,743,710",25.7,20190905,25.65,25.75,17.36,0.05,1708,東鹼,25.75
80,155,"155,265","3,982,137",25.75,20190904,25.55,25.75,17.4,0.15,1708,東鹼,25.55
81,67,"143,130","3,667,838",25.6,20190903,25.6,25.7,17.3,0.05,1708,東鹼,25.6
82,53,"86,667","2,223,354",25.65,20190902,25.6,25.75,17.33,0.05,1708,東鹼,25.7
83,76,"104,659","2,686,000",25.7,20190830,25.6,25.75,17.36,0.0,1708,東鹼,25.75
84,200,"428,502","11,081,892",25.7,20190829,25.15,26.25,17.36,0.8,1708,東鹼,25.15
85,48,"79,394","1,980,566",24.9,20190828,24.9,25.0,16.82,0.05,1708,東鹼,24.95
86,62,"156,851","3,916,802",24.95,20190827,24.95,25.1,16.86,0.0,1708,東鹼,24.95
87,56,"94,123","2,344,915",24.95,20190826,24.85,25.1,16.86,0.15,1708,東鹼,25.1
88,52,"67,570","1,697,100",25.1,20190823,25.05,25.2,16.96,0.05,1708,東鹼,25.05
89,39,"67,350","1,690,050",25.05,20190822,25.05,25.2,16.93,0.05,1708,東鹼,25.1
90,107,"213,236","5,377,470",25.1,20190821,25.1,25.5,16.96,0.05,1708,東鹼,25.25
91,57,"150,244","3,770,600",25.15,20190820,25.0,25.3,16.99,0.0,1708,東鹼,25.15
92,61,"75,127","1,883,478",25.15,20190819,25.0,25.15,16.99,0.2,1708,東鹼,25.0
93,79,"216,468","5,396,554",24.95,20190816,24.85,25.05,16.86,0.05,1708,東鹼,24.85
94,207,"469,432","11,708,950",24.9,20190815,24.75,25.3,16.82,0.55,1708,東鹼,25.3
95,176,"353,079","9,029,961",25.45,20190814,25.35,25.95,17.2,0.4,1708,東鹼,25.85
96,56,"88,624","2,292,872",25.85,20190813,25.8,26.0,17.47,0.2,1708,東鹼,26.0
97,62,"135,383","3,529,992",26.05,20190812,26.0,26.15,17.03,0.05,1708,東鹼,26.1
