,成交筆數,成交股數,成交金額,收盤價,日期,最低價,最高價,本益比,漲跌價差,證券代號,證券名稱,開盤價
0,157,"345,701","5,475,697",15.80,20191231,15.75,15.95,15.34,0.10,1308,亞聚,15.90
1,184,"447,020","7,104,261",15.9,20191230,15.8,16.0,15.44,0.05,1308,亞聚,15.95
2,153,"285,987","4,553,384",15.95,20191227,15.8,16.0,15.49,0.1,1308,亞聚,15.9
3,203,"435,108","6,896,535",15.85,20191226,15.8,15.95,15.39,0.1,1308,亞聚,15.9
4,138,"335,400","5,346,551",15.95,20191225,15.85,16.0,15.49,0.0,1308,亞聚,15.9
5,176,"486,376","7,758,064",15.95,20191224,15.85,16.0,15.49,0.05,1308,亞聚,16.0
6,166,"384,898","6,157,665",16.0,20191223,15.95,16.05,15.53,0.05,1308,亞聚,15.95
7,193,"531,239","8,486,847",15.95,20191220,15.9,16.1,15.49,0.05,1308,亞聚,16.0
8,297,"766,593","12,281,016",16.0,20191219,15.9,16.15,15.53,0.1,1308,亞聚,16.1
9,265,"543,711","8,756,876",16.1,20191218,16.05,16.2,15.63,0.0,1308,亞聚,16.1
10,297,"713,309","11,518,244",16.1,20191217,16.1,16.2,15.63,0.05,1308,亞聚,16.15
11,455,"1,329,081","21,462,189",16.15,20191216,15.95,16.3,15.68,0.1,1308,亞聚,16.0
12,437,"1,167,673","18,517,768",16.05,20191213,15.65,16.05,15.58,0.15,1308,亞聚,15.9
13,792,"2,251,501","35,963,933",15.9,20191212,15.8,16.05,15.44,0.1,1308,亞聚,15.8
14,408,"1,082,023","17,029,846",15.8,20191211,15.55,15.85,15.34,0.15,1308,亞聚,15.55
15,427,"1,163,287","18,101,619",15.65,20191210,15.3,15.75,15.19,0.4,1308,亞聚,15.3
16,219,"460,447","7,045,062",15.25,20191209,15.25,15.4,14.81,0.0,1308,亞聚,15.35
17,247,"648,333","9,912,806",15.25,20191206,15.2,15.4,14.81,0.1,1308,亞聚,15.35
18,178,"353,678","5,429,402",15.35,20191205,15.3,15.45,14.9,0.0,1308,亞聚,15.4
19,386,"896,873","13,753,648",15.35,20191204,15.25,15.5,14.9,0.15,1308,亞聚,15.5
20,177,"327,189","5,074,055",15.5,20191203,15.45,15.6,15.05,0.05,1308,亞聚,15.5
21,242,"520,427","8,084,266",15.55,20191202,15.5,15.7,15.1,0.15,1308,亞聚,15.7
22,217,"492,245","7,740,419",15.7,20191129,15.65,15.8,15.24,0.0,1308,亞聚,15.8
23,159,"281,509","4,409,385",15.7,20191128,15.6,15.75,15.24,0.1,1308,亞聚,15.65
24,111,"241,053","3,763,667",15.6,20191127,15.6,15.7,15.15,0.0,1308,亞聚,15.6
25,141,"260,010","4,058,600",15.6,20191126,15.55,15.7,15.15,0.05,1308,亞聚,15.65
26,95,"289,450","4,508,093",15.55,20191125,15.55,15.7,15.1,0.05,1308,亞聚,15.7
27,97,"258,784","4,039,886",15.6,20191122,15.55,15.7,15.15,0.05,1308,亞聚,15.6
28,215,"471,396","7,348,602",15.55,20191121,15.5,15.75,15.1,0.2,1308,亞聚,15.75
29,238,"616,502","9,672,726",15.75,20191120,15.5,15.8,15.29,0.2,1308,亞聚,15.55
30,186,"445,133","6,946,909",15.55,20191119,15.5,15.7,15.1,0.05,1308,亞聚,15.7
31,159,"435,456","6,799,965",15.6,20191118,15.55,15.7,15.15,0.0,1308,亞聚,15.6
32,165,"452,512","7,058,154",15.6,20191115,15.55,15.7,15.15,0.05,1308,亞聚,15.65
33,774,"2,694,509","41,984,657",15.55,20191114,15.35,16.0,15.1,0.4,1308,亞聚,16.0
34,153,"358,860","5,720,377",15.95,20191113,15.85,16.05,15.49,0.1,1308,亞聚,16.0
35,277,"867,146","13,865,469",16.05,20191112,15.85,16.1,19.11,0.25,1308,亞聚,15.85
36,534,"1,601,562","25,571,144",15.8,20191111,15.7,16.3,18.81,0.5,1308,亞聚,16.3
37,470,"1,492,128","24,135,213",16.3,20191108,16.0,16.35,19.4,0.0,1308,亞聚,16.3
38,424,"995,657","16,148,834",16.3,20191107,16.1,16.3,19.4,0.1,1308,亞聚,16.2
39,524,"1,276,148","20,606,070",16.2,20191106,16.0,16.3,19.29,0.05,1308,亞聚,16.25
40,897,"2,021,835","32,793,181",16.25,20191105,16.1,16.35,19.35,0.05,1308,亞聚,16.25
41,"1,978","5,476,278","87,861,730",16.3,20191104,15.6,16.4,19.4,0.7,1308,亞聚,15.6
42,287,"768,822","11,923,835",15.6,20191101,15.4,15.65,18.57,0.2,1308,亞聚,15.4
43,193,"483,174","7,422,508",15.4,20191031,15.25,15.45,18.33,0.0,1308,亞聚,15.4
44,149,"380,851","5,854,765",15.4,20191030,15.35,15.4,18.33,0.05,1308,亞聚,15.4
45,207,"538,580","8,334,622",15.45,20191029,15.4,15.55,18.39,0.05,1308,亞聚,15.5
46,233,"712,640","11,034,873",15.5,20191028,15.35,15.6,18.45,0.05,1308,亞聚,15.45
47,219,"482,783","7,442,611",15.45,20191025,15.3,15.5,18.39,0.05,1308,亞聚,15.5
48,499,"1,516,230","23,353,969",15.4,20191024,15.2,15.5,18.33,0.2,1308,亞聚,15.2
49,187,"680,356","10,310,166",15.2,20191023,15.05,15.25,18.1,0.05,1308,亞聚,15.15
50,195,"584,321","8,868,226",15.15,20191022,15.1,15.25,18.04,0.0,1308,亞聚,15.2
51,137,"268,138","4,047,230",15.15,20191021,15.0,15.2,18.04,0.05,1308,亞聚,15.0
52,159,"341,945","5,161,964",15.1,20191018,15.05,15.2,17.98,0.1,1308,亞聚,15.2
53,203,"420,935","6,374,209",15.2,20191017,15.05,15.25,18.1,0.05,1308,亞聚,15.2
54,404,"813,931","12,236,148",15.15,20191016,14.85,15.2,18.04,0.25,1308,亞聚,14.9
55,360,"626,400","9,257,115",14.9,20191015,14.65,14.9,17.74,0.2,1308,亞聚,14.7
56,160,"313,012","4,607,521",14.7,20191014,14.65,14.8,17.5,0.1,1308,亞聚,14.7
57,100,"216,994","3,170,961",14.6,20191009,14.6,14.7,17.38,0.1,1308,亞聚,14.6
58,245,"573,755","8,357,769",14.7,20191008,14.5,14.7,17.5,0.2,1308,亞聚,14.6
59,328,"926,843","13,497,688",14.5,20191007,14.4,14.75,17.26,0.05,1308,亞聚,14.65
60,371,"706,527","10,320,837",14.55,20191004,14.5,14.75,17.32,0.2,1308,亞聚,14.7
61,101,"194,359","2,868,971",14.75,20191003,14.65,14.85,17.56,0.15,1308,亞聚,14.7
62,124,"256,292","3,794,068",14.9,20191002,14.75,14.9,17.74,0.1,1308,亞聚,14.8
63,356,"949,911","14,059,974",14.8,20191001,14.7,15.0,17.62,0.15,1308,亞聚,14.95
64,251,"546,595","8,180,361",14.95,20190927,14.9,15.1,17.8,0.15,1308,亞聚,15.05
65,215,"375,259","5,674,935",15.1,20190926,15.05,15.2,17.98,0.0,1308,亞聚,15.15
66,299,"643,935","9,639,665",15.1,20190925,14.9,15.15,17.98,0.05,1308,亞聚,15.05
67,178,"315,184","4,743,010",15.05,20190924,15.0,15.15,17.92,0.05,1308,亞聚,15.1
68,192,"313,463","4,745,114",15.1,20190923,15.05,15.2,17.98,0.05,1308,亞聚,15.15
69,168,"305,312","4,608,882",15.15,20190920,15.05,15.15,18.04,0.1,1308,亞聚,15.1
70,156,"273,172","4,110,312",15.05,20190919,15.0,15.1,17.92,0.0,1308,亞聚,15.0
71,447,"880,156","13,261,438",15.05,20190918,15.0,15.15,17.92,0.15,1308,亞聚,15.15
72,406,"912,552","13,915,305",15.2,20190917,15.15,15.35,18.1,0.05,1308,亞聚,15.25
73,"1,535","4,109,673","64,182,556",15.25,20190916,15.25,15.9,18.15,0.15,1308,亞聚,15.4
74,207,"388,578","5,878,922",15.1,20190912,15.05,15.2,17.98,0.0,1308,亞聚,15.15
75,227,"612,002","9,209,630",15.1,20190911,14.9,15.2,17.98,0.1,1308,亞聚,15.05
76,452,"1,070,401","16,106,288",15.0,20190910,14.9,15.25,17.86,0.2,1308,亞聚,15.25
77,263,"528,757","8,095,101",15.2,20190909,15.15,15.45,18.1,0.2,1308,亞聚,15.4
78,244,"447,758","6,900,727",15.4,20190906,15.35,15.65,18.33,0.2,1308,亞聚,15.6
79,354,"844,486","13,155,876",15.6,20190905,15.45,15.7,18.57,0.15,1308,亞聚,15.55
80,194,"454,015","6,990,625",15.45,20190904,15.3,15.55,18.39,0.05,1308,亞聚,15.5
81,187,"350,761","5,423,176",15.5,20190903,15.4,15.6,18.45,0.05,1308,亞聚,15.6
82,306,"796,547","12,307,942",15.55,20190902,15.25,15.55,18.51,0.3,1308,亞聚,15.25
83,219,"490,499","7,441,099",15.25,20190830,15.05,15.3,18.15,0.2,1308,亞聚,15.1
84,489,"1,164,372","17,584,237",15.05,20190829,14.9,15.25,17.92,0.25,1308,亞聚,15.2
85,213,"464,526","7,107,838",15.3,20190828,15.2,15.45,18.21,0.1,1308,亞聚,15.4
86,237,"396,352","6,095,376",15.4,20190827,15.3,15.5,18.33,0.1,1308,亞聚,15.35
87,498,"1,232,294","18,876,007",15.3,20190826,15.15,15.55,18.21,0.45,1308,亞聚,15.5
88,240,"683,164","10,744,863",15.75,20190823,15.65,15.8,18.75,0.0,1308,亞聚,15.75
89,324,"836,816","13,154,004",15.75,20190822,15.65,15.8,18.75,0.05,1308,亞聚,15.75
90,421,"885,981","13,866,946",15.8,20190821,15.5,15.8,18.81,0.05,1308,亞聚,15.75
91,590,"1,489,283","23,363,167",15.75,20190820,15.55,15.85,18.75,0.05,1308,亞聚,15.7
92,"1,026","2,664,685","41,557,970",15.7,20190819,15.25,15.85,18.69,0.55,1308,亞聚,15.25
93,404,"1,161,116","17,413,237",15.15,20190816,14.8,15.15,18.04,0.2,1308,亞聚,14.95
94,275,"761,779","11,237,252",14.95,20190815,14.6,14.95,17.8,0.1,1308,亞聚,14.75
95,396,"1,265,016","18,889,631",14.85,20190814,14.8,15.15,17.68,0.1,1308,亞聚,15.05
96,279,"754,049","11,128,471",14.95,20190813,14.6,14.95,17.8,0.05,1308,亞聚,14.9
97,273,"891,739","13,178,430",14.9,20190812,14.65,14.95,24.43,0.05,1308,亞聚,14.85
