,成交筆數,成交股數,成交金額,收盤價,日期,最低價,最高價,本益比,漲跌價差,證券代號,證券名稱,開盤價
0,30,"36,037","1,328,008",36.90,20191119,36.75,37.00,14.64,0.05,1533,車王電,37.00
1,52,"78,301","2,887,356",36.85,20191118,36.8,37.0,14.62,0.1,1533,車王電,36.9
2,49,"53,168","1,967,055",36.95,20191115,36.75,37.2,14.66,0.1,1533,車王電,36.85
3,42,"72,280","2,665,267",36.85,20191114,36.85,37.05,14.62,0.15,1533,車王電,36.95
4,60,"80,180","2,977,828",37.0,20191113,36.8,37.6,14.68,0.2,1533,車王電,37.6
5,47,"54,301","2,004,140",36.8,20191112,36.75,37.2,13.83,0.05,1533,車王電,36.8
6,72,"87,587","3,223,703",36.75,20191111,36.75,37.0,13.82,0.25,1533,車王電,37.0
7,97,"127,457","4,719,359",37.0,20191108,36.8,37.45,13.91,0.4,1533,車王電,37.45
8,41,"50,010","1,871,473",37.4,20191107,37.3,37.55,14.06,0.25,1533,車王電,37.5
9,29,"27,020","1,016,550",37.65,20191106,37.5,37.75,14.15,0.15,1533,車王電,37.5
10,101,"167,500","6,311,024",37.5,20191105,37.5,38.3,14.1,0.5,1533,車王電,38.3
11,55,"66,640","2,533,224",38.0,20191104,37.75,38.1,14.29,0.25,1533,車王電,37.75
12,20,"18,200","687,980",37.75,20191101,37.75,37.95,14.19,0.2,1533,車王電,37.9
13,55,"73,080","2,763,408",37.95,20191031,37.7,38.0,14.27,0.15,1533,車王電,37.85
14,40,"49,320","1,868,146",37.8,20191030,37.8,38.0,14.21,0.2,1533,車王電,38.0
15,57,"77,280","2,943,618",38.0,20191029,38.0,38.4,14.29,0.35,1533,車王電,38.4
16,65,"83,720","3,206,110",38.35,20191028,38.15,38.5,14.42,0.1,1533,車王電,38.35
17,72,"117,200","4,497,300",38.25,20191025,38.25,38.5,14.38,0.25,1533,車王電,38.4
18,80,"119,401","4,591,387",38.5,20191024,38.4,38.65,14.47,0.1,1533,車王電,38.65
19,144,"197,577","7,600,177",38.4,20191023,38.15,38.8,14.44,0.1,1533,車王電,38.3
20,117,"179,965","6,857,120",38.3,20191022,37.9,38.35,14.4,0.55,1533,車王電,38.0
21,49,"90,000","3,402,900",37.75,20191021,37.65,38.0,14.19,0.05,1533,車王電,37.7
22,49,"75,090","2,834,043",37.7,20191018,37.7,38.0,14.17,0.1,1533,車王電,38.0
23,20,"22,120","837,086",37.8,20191017,37.8,38.1,14.21,0.05,1533,車王電,38.1
24,82,"89,280","3,393,248",37.85,20191016,37.75,38.2,14.23,0.25,1533,車王電,38.2
25,153,"176,480","6,649,388",38.1,20191015,37.2,38.1,14.32,0.9,1533,車王電,37.2
26,79,"113,160","4,198,302",37.2,20191014,36.85,37.7,13.98,0.05,1533,車王電,37.7
27,146,"221,040","8,190,938",37.25,20191009,36.85,37.85,14.0,0.2,1533,車王電,37.25
28,77,"92,761","3,481,003",37.45,20191008,37.3,37.75,14.08,0.3,1533,車王電,37.75
29,56,"64,590","2,441,792",37.75,20191007,37.7,38.2,14.19,0.1,1533,車王電,38.2
30,49,"60,065","2,271,637",37.65,20191004,37.6,38.0,14.15,0.05,1533,車王電,37.9
31,76,"81,480","3,081,340",37.7,20191003,37.6,38.3,14.17,0.45,1533,車王電,38.3
32,44,"58,080","2,217,980",38.15,20191002,38.05,38.4,14.34,0.25,1533,車王電,38.4
33,87,"108,040","4,118,356",37.9,20191001,37.5,38.6,14.25,0.4,1533,車王電,37.5
34,109,"140,355","5,290,215",37.5,20190927,37.5,38.05,14.1,0.5,1533,車王電,38.0
35,47,"53,920","2,051,593",38.0,20190926,38.0,38.2,14.29,0.15,1533,車王電,38.0
36,79,"109,160","4,148,756",37.85,20190925,37.8,38.35,14.23,0.45,1533,車王電,38.3
37,40,"48,040","1,842,724",38.3,20190924,38.2,38.5,14.4,0.15,1533,車王電,38.2
38,133,"186,703","7,139,378",38.15,20190923,38.1,38.7,14.34,0.35,1533,車王電,38.5
39,81,"90,531","3,494,443",38.5,20190920,38.4,38.9,14.47,0.35,1533,車王電,38.9
40,96,"102,678","3,998,508",38.85,20190919,38.8,39.2,14.61,0.05,1533,車王電,39.1
41,112,"138,580","5,373,654",38.8,20190918,38.45,39.0,14.59,0.1,1533,車王電,38.9
42,123,"151,450","5,834,065",38.7,20190917,38.2,38.95,14.55,0.1,1533,車王電,38.95
43,185,"225,420","8,787,538",38.8,20190916,38.5,39.5,14.59,0.15,1533,車王電,39.3
44,209,"284,279","11,048,918",38.95,20190912,38.5,39.15,14.64,0.6,1533,車王電,38.6
45,86,"109,200","4,193,870",38.35,20190911,38.3,38.6,14.42,0.25,1533,車王電,38.6
46,379,"560,200","21,768,400",38.6,20190910,38.4,39.3,14.51,0.2,1533,車王電,38.4
47,97,"144,360","5,535,802",38.4,20190909,38.1,38.45,14.44,0.4,1533,車王電,38.2
48,75,"84,860","3,224,057",38.0,20190906,37.75,38.1,14.29,0.25,1533,車王電,37.75
49,157,"226,336","8,625,632",37.75,20190905,37.7,38.7,14.19,0.55,1533,車王電,38.5
50,98,"147,190","5,633,029",38.3,20190904,37.9,38.5,14.4,0.05,1533,車王電,38.0
51,182,"250,150","9,585,136",38.25,20190903,37.8,38.7,14.38,0.15,1533,車王電,38.65
52,207,"315,148","11,955,033",38.4,20190902,37.4,38.55,14.44,1.0,1533,車王電,37.45
53,84,"113,236","4,231,826",37.4,20190830,37.15,37.5,14.06,0.2,1533,車王電,37.5
54,70,"82,162","3,047,825",37.2,20190829,36.8,37.45,13.98,0.05,1533,車王電,37.15
55,46,"48,241","1,794,410",37.15,20190828,37.05,37.4,13.97,0.15,1533,車王電,37.4
56,50,"58,171","2,167,211",37.0,20190827,37.0,37.75,13.91,0.5,1533,車王電,37.75
57,86,"108,401","3,975,786",36.5,20190826,36.45,37.0,13.72,0.0,1533,車王電,36.85
58,122,"189,103","7,168,536",37.65,20190823,37.65,38.2,14.15,0.35,1533,車王電,38.1
59,75,"106,397","4,033,336",38.0,20190822,37.75,38.3,14.29,0.15,1533,車王電,38.3
60,101,"127,160","4,823,546",38.15,20190821,37.4,38.5,14.34,0.0,1533,車王電,38.5
61,169,"253,404","9,627,309",38.15,20190820,37.5,38.45,14.34,0.55,1533,車王電,37.75
62,71,"112,530","4,225,094",37.6,20190819,37.35,37.65,14.14,0.3,1533,車王電,37.35
63,137,"172,140","6,428,450",37.3,20190816,36.55,37.7,14.02,0.75,1533,車王電,36.55
64,40,"52,100","1,905,405",36.55,20190815,36.25,36.8,13.74,0.25,1533,車王電,36.8
65,52,"75,262","2,774,288",36.8,20190814,36.75,36.9,13.83,0.3,1533,車王電,36.9
66,59,"88,001","3,219,136",36.5,20190813,36.35,36.8,13.72,0.25,1533,車王電,36.8
67,88,"118,050","4,329,489",36.75,20190812,36.35,37.0,13.82,0.35,1533,車王電,36.4
