,成交筆數,成交股數,成交金額,收盤價,日期,最低價,最高價,本益比,漲跌價差,證券代號,證券名稱,開盤價
0,"2,410","7,033,454","99,477,011",14.15,20191119,14.00,14.30,28.88,0.15,2504,國產,14.05
1,"2,274","10,387,813","145,922,777",14.0,20191118,13.9,14.15,28.57,0.15,2504,國產,13.95
2,"5,531","15,809,674","221,599,525",13.85,20191115,13.8,14.3,28.27,0.25,2504,國產,14.15
3,"9,252","34,469,707","494,224,598",14.1,20191114,13.95,14.75,28.78,0.1,2504,國產,13.95
4,"4,336","17,717,369","245,958,369",14.0,20191113,13.1,14.15,33.33,0.15,2504,國產,13.6
5,"5,305","19,100,812","263,360,207",13.85,20191112,13.55,14.3,32.98,0.1,2504,國產,14.05
6,"5,538","23,717,405","324,186,780",13.95,20191111,13.4,13.95,33.21,0.05,2504,國產,13.8
7,"6,340","24,091,867","341,422,838",14.0,20191108,14.0,14.75,33.33,0.6,2504,國產,14.6
8,"8,160","31,098,356","456,077,909",14.6,20191107,14.4,15.05,34.76,0.1,2504,國產,14.5
9,"8,632","36,177,467","530,849,557",14.5,20191106,14.35,15.05,34.52,0.7,2504,國產,15.0
10,"19,397","93,970,600","1,458,608,040",15.2,20191105,14.8,16.1,36.19,0.1,2504,國產,15.9
11,"9,763","54,306,851","816,746,006",15.3,20191104,14.35,15.3,36.43,1.35,2504,國產,14.35
12,"3,782","11,665,033","161,796,831",13.95,20191101,13.65,13.95,33.21,0.2,2504,國產,13.9
13,"4,020","13,173,520","179,189,815",13.75,20191031,13.45,13.75,32.74,0.45,2504,國產,13.45
14,"1,961","6,829,367","90,966,798",13.3,20191030,13.1,13.45,31.67,0.1,2504,國產,13.1
15,"2,863","9,246,704","124,322,781",13.2,20191029,13.2,13.7,31.43,0.25,2504,國產,13.55
16,"2,477","8,261,041","110,662,531",13.45,20191028,13.2,13.6,32.02,0.15,2504,國產,13.4
17,"1,700","4,972,904","66,310,662",13.3,20191025,13.2,13.55,31.67,0.1,2504,國產,13.55
18,"3,040","8,327,514","110,310,632",13.4,20191024,13.0,13.4,31.9,0.4,2504,國產,13.0
19,"5,002","16,302,597","213,043,202",13.0,20191023,13.0,13.3,30.95,0.35,2504,國產,13.3
20,"5,419","15,626,329","212,455,136",13.35,20191022,13.35,14.15,31.79,0.6,2504,國產,14.15
21,"6,061","21,107,839","295,235,225",13.95,20191021,13.5,14.2,33.21,0.3,2504,國產,13.5
22,"14,311","77,167,894","1,038,938,862",13.65,20191018,12.85,13.95,32.5,0.55,2504,國產,13.2
23,"25,576","132,184,673","1,750,538,899",13.1,20191017,12.65,13.85,31.19,0.1,2504,國產,13.0
24,"15,189","74,503,294","943,922,179",13.0,20191016,12.0,13.25,30.95,0.85,2504,國產,12.05
25,"13,768","67,122,471","802,137,852",12.15,20191015,11.5,12.35,28.93,0.45,2504,國產,11.7
26,"12,781","76,371,363","859,789,671",11.7,20191014,10.6,11.7,27.86,1.05,2504,國產,10.75
27,"8,979","55,081,400","572,003,292",10.65,20191009,9.73,10.65,25.36,0.93,2504,國產,9.73
28,"1,995","10,937,200","105,905,336",9.72,20191008,9.59,9.72,23.14,0.14,2504,國產,9.6
29,"2,381","14,948,749","143,247,615",9.58,20191007,9.5,9.64,22.81,0.12,2504,國產,9.53
30,"2,138","9,618,808","90,794,316",9.46,20191004,9.29,9.55,22.52,0.19,2504,國產,9.29
31,970,"3,934,756","36,061,535",9.27,20191003,9.08,9.3,22.07,0.12,2504,國產,9.1
32,496,"2,161,646","19,717,015",9.15,20191002,9.08,9.15,21.79,0.02,2504,國產,9.09
33,577,"2,654,523","24,234,647",9.13,20191001,9.08,9.19,21.74,0.06,2504,國產,9.17
34,"1,135","5,382,231","49,195,234",9.07,20190927,9.07,9.29,21.6,0.17,2504,國產,9.28
35,941,"3,964,775","36,854,601",9.24,20190926,9.23,9.37,22.0,0.01,2504,國產,9.3
36,"1,549","8,014,116","74,551,983",9.25,20190925,9.22,9.42,22.02,0.18,2504,國產,9.42
37,"1,893","8,651,491","81,799,967",9.43,20190924,9.42,9.54,22.45,0.14,2504,國產,9.5
38,"5,993","34,922,963","336,231,471",9.57,20190923,9.49,9.77,22.79,0.27,2504,國產,9.77
39,"1,807","12,272,089","114,130,405",9.3,20190920,9.3,9.3,22.14,0.84,2504,國產,9.3
40,344,"1,443,183","12,227,157",8.46,20190919,8.46,8.53,20.14,0.04,2504,國產,8.5
41,776,"2,077,877","17,632,172",8.5,20190918,8.46,8.53,20.24,0.05,2504,國產,8.5
42,844,"3,317,360","28,266,477",8.45,20190917,8.45,8.6,20.12,0.12,2504,國產,8.59
43,"1,383","5,958,882","50,833,342",8.57,20190916,8.45,8.59,20.4,0.16,2504,國產,8.45
44,604,"2,248,616","18,929,979",8.41,20190912,8.39,8.44,20.02,0.02,2504,國產,8.4
45,"1,043","4,311,743","36,329,769",8.39,20190911,8.38,8.49,19.98,0.05,2504,國產,8.45
46,"1,309","6,572,596","55,023,219",8.44,20190910,8.3,8.44,20.1,0.14,2504,國產,8.34
47,487,"2,554,330","21,191,897",8.3,20190909,8.25,8.33,19.76,0.06,2504,國產,8.25
48,653,"2,972,885","24,502,964",8.24,20190906,8.22,8.26,19.62,0.05,2504,國產,8.23
49,411,"1,669,526","13,672,387",8.19,20190905,8.17,8.22,19.5,0.01,2504,國產,8.2
50,530,"1,372,171","11,193,801",8.18,20190904,8.11,8.21,19.48,0.05,2504,國產,8.11
51,622,"1,672,317","13,605,643",8.13,20190903,8.1,8.2,19.36,0.04,2504,國產,8.2
52,638,"2,556,862","20,749,009",8.17,20190902,8.06,8.17,19.45,0.15,2504,國產,8.1
53,507,"1,469,729","11,771,642",8.02,20190830,8.0,8.05,19.1,0.02,2504,國產,8.0
54,314,"779,765","6,227,493",8.0,20190829,7.97,8.0,19.05,0.0,2504,國產,8.0
55,339,"752,202","6,002,336",8.0,20190828,7.96,8.0,19.05,0.03,2504,國產,7.98
56,250,"954,253","7,627,705",7.97,20190827,7.97,8.03,18.98,0.01,2504,國產,7.99
57,242,"1,217,411","9,680,849",7.98,20190826,7.93,7.98,19.0,0.03,2504,國產,7.93
58,450,"2,203,270","17,637,953",8.01,20190823,8.0,8.03,19.07,0.03,2504,國產,8.03
59,451,"1,097,803","8,817,494",8.04,20190822,8.01,8.06,19.14,0.0,2504,國產,8.05
60,691,"1,608,905","12,902,038",8.04,20190821,8.0,8.05,19.14,0.0,2504,國產,8.03
61,508,"1,494,003","11,976,394",8.04,20190820,8.0,8.07,19.14,0.01,2504,國產,8.05
62,517,"1,826,202","14,632,831",8.05,20190819,7.99,8.05,19.17,0.03,2504,國產,8.04
63,638,"1,578,672","12,625,756",8.02,20190816,7.98,8.02,19.1,0.02,2504,國產,8.01
64,559,"3,091,704","24,655,220",8.0,20190815,7.94,8.04,19.05,0.08,2504,國產,8.04
65,304,"2,368,598","19,154,531",8.08,20190814,8.05,8.11,19.24,0.01,2504,國產,8.08
66,254,"930,174","7,508,970",8.07,20190813,8.05,8.09,19.21,0.03,2504,國產,8.07
67,461,"1,940,478","15,722,957",8.1,20190812,8.08,8.13,17.61,0.03,2504,國產,8.12
