,成交筆數,成交股數,成交金額,收盤價,日期,最低價,最高價,本益比,漲跌價差,證券代號,證券名稱,開盤價
0,334,"538,153","35,024,159",64.90,20191231,64.50,65.90,18.44,0.50,2351,順德,65.40
1,403,"595,204","39,137,464",65.4,20191230,65.1,67.1,18.58,1.1,2351,順德,66.6
2,259,"325,107","21,697,514",66.5,20191227,66.3,67.5,18.89,0.6,2351,順德,67.2
3,274,"346,645","23,148,278",67.1,20191226,66.2,67.2,19.06,0.4,2351,順德,66.9
4,369,"518,831","34,840,024",66.7,20191225,66.6,68.0,18.95,0.8,2351,順德,67.0
5,543,"744,045","50,366,237",67.5,20191224,67.1,68.8,19.18,0.5,2351,順德,68.2
6,"1,069","1,430,669","97,586,492",68.0,20191223,67.5,69.0,19.32,1.0,2351,順德,67.5
7,"1,558","2,260,653","151,469,551",67.0,20191220,64.5,68.3,19.03,2.9,2351,順德,64.6
8,619,"936,676","61,476,797",64.1,20191219,64.1,66.8,18.21,1.9,2351,順德,66.8
9,774,"1,169,683","77,019,178",66.0,20191218,64.8,66.5,18.75,1.1,2351,順德,65.2
10,508,"766,244","49,646,662",64.9,20191217,63.9,65.2,18.44,0.3,2351,順德,64.6
11,644,"924,712","59,095,492",64.6,20191216,62.6,64.6,18.35,2.0,2351,順德,62.6
12,191,"308,856","19,442,541",62.6,20191213,62.4,63.5,17.78,0.3,2351,順德,63.1
13,322,"418,078","26,346,090",62.9,20191212,62.5,63.4,17.87,0.9,2351,順德,62.5
14,157,"181,110","11,266,320",62.0,20191211,62.0,62.5,17.61,0.1,2351,順德,62.3
15,98,"145,123","9,027,726",62.1,20191210,61.9,62.6,17.64,0.1,2351,順德,62.3
16,324,"555,005","34,939,010",62.2,20191209,62.1,63.5,17.67,0.1,2351,順德,62.4
17,230,"358,963","22,358,709",62.1,20191206,61.3,63.0,17.64,0.6,2351,順德,61.5
18,143,"173,251","10,647,560",61.5,20191205,61.1,61.8,17.47,0.7,2351,順德,61.3
19,106,"114,385","6,950,691",60.8,20191204,60.6,61.1,17.27,0.3,2351,順德,61.1
20,108,"131,310","8,020,848",61.1,20191203,60.3,61.3,17.36,0.6,2351,順德,60.3
21,85,"115,003","6,964,983",60.5,20191202,60.3,61.2,17.19,0.5,2351,順德,61.2
22,103,"137,335","8,413,035",61.0,20191129,61.0,61.6,17.33,0.5,2351,順德,61.6
23,122,"192,122","11,803,227",61.5,20191128,61.1,61.9,17.47,0.2,2351,順德,61.8
24,202,"268,624","16,582,299",61.7,20191127,61.5,62.1,17.53,0.5,2351,順德,61.9
25,209,"292,113","18,073,228",62.2,20191126,61.6,62.2,17.67,0.5,2351,順德,62.0
26,158,"181,080","11,207,683",61.7,20191125,61.7,62.7,17.53,0.3,2351,順德,62.7
27,156,"196,000","12,157,400",62.0,20191122,61.8,62.4,17.61,0.2,2351,順德,62.2
28,322,"398,220","24,780,550",62.2,20191121,61.7,63.2,17.67,1.1,2351,順德,63.2
29,529,"729,290","46,614,073",63.3,20191120,63.1,64.8,17.98,0.4,2351,順德,64.8
30,"1,766","2,314,549","148,368,997",63.7,20191119,62.8,65.2,18.1,3.4,2351,順德,62.8
31,85,"109,001","6,567,560",60.3,20191118,59.9,60.6,17.13,0.5,2351,順德,60.0
32,102,"110,722","6,624,812",59.8,20191115,59.7,60.5,16.99,0.1,2351,順德,60.5
33,87,"139,000","8,320,900",59.9,20191114,59.5,60.6,17.02,0.6,2351,順德,60.6
34,129,"155,600","9,393,718",60.5,20191113,60.0,60.7,17.19,0.5,2351,順德,60.7
35,203,"288,780","17,263,377",60.0,20191112,59.5,60.2,17.05,0.1,2351,順德,60.2
36,190,"239,378","14,425,553",60.1,20191111,60.0,61.1,14.73,1.4,2351,順德,61.1
37,110,"198,200","12,201,379",61.5,20191108,61.2,62.3,15.07,0.5,2351,順德,62.0
38,104,"149,086","9,236,386",62.0,20191107,61.5,62.6,15.2,0.1,2351,順德,62.1
39,288,"369,025","22,991,967",62.1,20191106,61.8,62.7,15.22,0.4,2351,順德,62.6
40,282,"430,001","26,949,062",62.5,20191105,62.2,63.8,15.32,0.6,2351,順德,62.9
41,196,"257,096","16,271,986",63.1,20191104,62.8,63.7,15.47,0.4,2351,順德,63.0
42,184,"272,225","17,030,906",62.7,20191101,61.8,63.0,15.37,0.5,2351,順德,62.0
43,132,"217,000","13,547,700",62.2,20191031,62.2,63.1,15.25,0.6,2351,順德,63.1
44,140,"221,209","13,845,067",62.8,20191030,62.2,62.8,15.39,0.6,2351,順德,62.7
45,374,"551,241","34,596,789",62.2,20191029,61.9,63.7,15.25,0.0,2351,順德,63.2
46,114,"180,025","11,175,670",62.2,20191028,61.9,62.4,15.25,0.2,2351,順德,62.4
47,121,"202,056","12,530,477",62.0,20191025,61.7,62.4,15.2,0.1,2351,順德,62.2
48,187,"242,004","14,947,448",62.1,20191024,61.3,62.1,15.22,0.9,2351,順德,61.6
49,135,"219,200","13,415,379",61.2,20191023,61.0,61.5,15.0,0.0,2351,順德,61.2
50,221,"266,156","16,258,809",61.2,20191022,60.8,61.6,15.0,0.2,2351,順德,61.6
51,325,"451,083","27,661,278",61.0,20191021,61.0,62.1,14.95,1.4,2351,順德,62.1
52,429,"692,696","42,629,830",62.4,20191018,60.6,62.4,15.29,1.8,2351,順德,60.6
53,379,"463,100","27,879,050",60.6,20191017,59.9,60.8,14.85,0.0,2351,順德,60.6
54,249,"304,000","18,390,400",60.6,20191016,60.1,60.9,14.85,0.0,2351,順德,60.6
55,104,"149,027","9,024,247",60.6,20191015,60.3,60.9,14.85,0.1,2351,順德,60.5
56,347,"409,366","24,959,993",60.5,20191014,60.4,62.3,14.83,0.4,2351,順德,61.5
57,282,"386,643","23,359,743",60.1,20191009,60.0,61.6,14.73,1.5,2351,順德,61.5
58,219,"297,054","18,329,826",61.6,20191008,61.3,62.5,15.1,0.3,2351,順德,61.7
59,161,"233,165","14,368,013",61.9,20191007,61.5,62.3,15.17,0.1,2351,順德,62.3
60,125,"169,165","10,475,364",62.0,20191004,61.6,62.3,15.2,0.4,2351,順德,62.0
61,167,"215,109","13,267,025",61.6,20191003,61.5,62.1,15.1,0.7,2351,順德,62.1
62,156,"237,809","14,820,177",62.3,20191002,61.4,63.0,15.27,0.5,2351,順德,61.8
63,187,"289,711","17,952,336",61.8,20191001,61.7,62.3,15.15,0.1,2351,順德,62.3
64,254,"317,440","19,733,435",61.9,20190927,61.7,64.2,15.17,1.8,2351,順德,64.2
65,86,"100,194","6,370,957",63.7,20190926,63.3,63.8,15.61,0.5,2351,順德,63.5
66,356,"445,150","28,302,880",63.2,20190925,63.2,64.4,15.49,1.6,2351,順德,64.4
67,386,"517,253","33,632,945",64.8,20190924,64.7,65.9,15.88,0.9,2351,順德,65.7
68,265,"374,503","24,584,043",65.7,20190923,65.4,66.2,16.1,0.3,2351,順德,66.0
69,511,"602,000","39,667,600",66.0,20190920,65.3,66.3,16.18,0.3,2351,順德,66.2
70,502,"741,115","48,781,955",65.7,20190919,64.9,66.6,16.1,0.5,2351,順德,66.2
71,231,"309,350","20,528,061",66.2,20190918,66.0,67.2,16.23,0.8,2351,順德,67.2
72,361,"491,163","32,849,339",67.0,20190917,65.9,67.2,16.42,0.4,2351,順德,66.6
73,200,"278,080","18,474,143",66.6,20190916,66.1,67.1,16.32,0.7,2351,順德,67.1
74,460,"643,718","43,301,319",67.3,20190912,66.6,67.6,16.5,0.1,2351,順德,67.2
75,491,"631,332","42,143,410",67.2,20190911,66.1,67.3,16.47,0.7,2351,順德,66.5
76,515,"884,449","58,246,213",66.5,20190910,65.3,66.5,16.3,0.1,2351,順德,66.0
77,570,"936,479","62,143,556",66.4,20190909,66.0,66.7,16.27,0.5,2351,順德,66.2
78,410,"577,621","37,982,335",65.9,20190906,65.0,66.0,16.15,1.0,2351,順德,65.4
79,441,"643,112","41,930,036",64.9,20190905,64.7,65.9,15.91,0.5,2351,順德,65.5
80,556,"808,060","53,019,560",65.4,20190904,64.8,66.1,16.03,0.6,2351,順德,64.8
81,529,"711,000","46,164,700",64.8,20190903,64.6,65.4,15.88,0.1,2351,順德,64.7
82,"1,234","1,807,530","117,665,190",64.7,20190902,63.9,66.4,15.86,3.0,2351,順德,63.9
83,521,"715,423","44,089,351",61.7,20190830,60.8,62.1,15.12,1.7,2351,順德,60.8
84,131,"169,000","10,222,000",60.0,20190829,60.0,61.1,14.71,0.1,2351,順德,61.0
85,146,"190,082","11,490,660",60.1,20190828,60.1,61.1,14.73,1.0,2351,順德,61.1
86,358,"521,009","31,834,655",61.1,20190827,60.3,62.4,14.98,0.2,2351,順德,61.0
87,349,"522,070","31,449,383",60.9,20190826,58.9,60.9,14.93,0.3,2351,順德,59.3
88,543,"750,023","44,972,407",60.6,20190823,58.6,61.0,14.85,2.0,2351,順德,59.1
89,234,"365,249","21,485,715",58.6,20190822,58.1,59.4,14.36,0.7,2351,順德,58.1
90,339,"495,000","28,619,900",57.9,20190821,57.5,58.8,14.19,0.7,2351,順德,58.6
91,368,"466,074","27,245,634",58.6,20190820,58.0,59.1,14.36,0.4,2351,順德,58.7
92,309,"402,828","23,246,655",58.2,20190819,57.0,58.3,14.26,1.6,2351,順德,57.0
93,349,"470,054","26,627,083",56.6,20190816,56.1,57.2,13.87,0.4,2351,順德,57.0
94,436,"575,453","32,784,591",57.0,20190815,56.7,57.8,13.97,1.5,2351,順德,57.8
95,319,"370,158","21,756,240",58.5,20190814,58.5,59.6,14.34,0.2,2351,順德,59.5
96,205,"288,000","16,968,100",58.7,20190813,58.6,59.6,14.39,0.9,2351,順德,59.6
97,251,"326,015","19,510,407",59.6,20190812,59.4,60.6,14.61,0.4,2351,順德,60.0
