,成交筆數,成交股數,成交金額,收盤價,日期,最低價,最高價,本益比,漲跌價差,證券代號,證券名稱,開盤價
0,135,"157,337","5,299,739",33.80,20191231,33.55,34.00,9.18,0.05,2488,漢平,33.85
1,99,"266,092","9,000,130",33.85,20191230,33.6,33.95,9.2,0.25,2488,漢平,33.6
2,81,"121,626","4,079,806",33.6,20191227,33.5,33.7,9.13,0.05,2488,漢平,33.7
3,153,"286,515","9,696,674",33.55,20191226,33.5,34.1,9.12,0.05,2488,漢平,33.85
4,75,"290,401","9,749,270",33.6,20191225,33.55,33.7,9.13,0.1,2488,漢平,33.7
5,67,"98,011","3,311,016",33.7,20191224,33.7,33.95,9.16,0.15,2488,漢平,33.85
6,128,"181,163","6,122,014",33.85,20191223,33.5,33.95,9.2,0.35,2488,漢平,33.5
7,77,"115,501","3,870,432",33.5,20191220,33.45,33.6,9.1,0.1,2488,漢平,33.6
8,93,"143,050","4,819,130",33.6,20191219,33.6,33.85,9.13,0.1,2488,漢平,33.8
9,127,"179,419","6,040,596",33.7,20191218,33.55,33.8,9.16,0.2,2488,漢平,33.6
10,138,"621,283","21,078,226",33.5,20191217,33.3,33.6,9.1,0.2,2488,漢平,33.3
11,90,"123,160","4,088,942",33.3,20191216,33.05,33.3,9.05,0.2,2488,漢平,33.05
12,144,"407,470","13,483,833",33.1,20191213,33.0,33.3,8.99,0.05,2488,漢平,33.1
13,191,"347,100","11,463,614",33.05,20191212,32.9,33.15,8.98,0.1,2488,漢平,33.15
14,506,"734,168","24,411,277",33.15,20191211,33.0,33.75,9.01,0.8,2488,漢平,33.75
15,116,"179,358","6,100,772",33.95,20191210,33.9,34.1,9.23,0.1,2488,漢平,34.1
16,135,"200,082","6,831,194",34.05,20191209,34.0,34.4,9.25,0.25,2488,漢平,34.3
17,137,"250,100","8,581,539",34.3,20191206,34.25,34.4,9.32,0.05,2488,漢平,34.3
18,92,"126,704","4,344,071",34.25,20191205,34.2,34.4,9.31,0.0,2488,漢平,34.25
19,141,"292,000","10,065,450",34.25,20191204,34.05,34.4,9.31,0.0,2488,漢平,34.35
20,90,"129,449","4,410,999",34.25,20191203,33.9,34.35,9.31,0.15,2488,漢平,34.0
21,158,"263,086","8,968,492",34.1,20191202,33.9,34.55,9.27,0.45,2488,漢平,34.55
22,105,"592,027","20,734,785",34.55,20191129,34.5,34.75,9.39,0.15,2488,漢平,34.65
23,130,"231,575","8,015,010",34.7,20191128,34.55,34.75,9.43,0.1,2488,漢平,34.6
24,124,"674,301","23,318,454",34.6,20191127,34.5,34.65,9.4,0.1,2488,漢平,34.6
25,90,"155,197","5,336,146",34.5,20191126,34.3,34.5,9.38,0.15,2488,漢平,34.3
26,199,"412,001","14,210,584",34.35,20191125,34.35,34.75,9.33,0.2,2488,漢平,34.7
27,103,"212,453","7,356,422",34.55,20191122,34.4,34.65,9.39,0.05,2488,漢平,34.5
28,100,"148,322","5,092,109",34.5,20191121,34.05,34.5,9.38,0.0,2488,漢平,34.05
29,229,"293,027","10,126,734",34.5,20191120,34.45,34.65,9.38,0.1,2488,漢平,34.5
30,215,"358,801","12,370,592",34.4,20191119,34.2,34.6,9.35,0.2,2488,漢平,34.3
31,315,"450,301","15,382,484",34.2,20191118,33.65,34.45,9.29,0.6,2488,漢平,33.85
32,75,"129,000","4,333,400",33.6,20191115,33.5,33.7,9.13,0.1,2488,漢平,33.5
33,108,"203,100","6,808,743",33.5,20191114,33.45,33.75,9.1,0.25,2488,漢平,33.75
34,88,"205,064","6,920,671",33.75,20191113,33.5,33.85,9.17,0.1,2488,漢平,33.7
35,116,"189,001","6,342,533",33.65,20191112,33.3,33.7,9.14,0.35,2488,漢平,33.3
36,557,"1,071,303","35,871,803",33.3,20191111,33.25,34.2,9.05,1.4,2488,漢平,34.2
37,199,"389,121","13,405,409",34.7,20191108,34.0,34.7,9.43,0.65,2488,漢平,34.35
38,233,"527,859","18,014,933",34.05,20191107,33.9,34.4,8.39,0.3,2488,漢平,34.4
39,186,"369,100","12,716,724",34.35,20191106,34.3,34.7,8.46,0.0,2488,漢平,34.5
40,260,"389,074","13,460,501",34.35,20191105,34.3,34.85,8.46,0.2,2488,漢平,34.85
41,427,"773,500","26,636,099",34.55,20191104,34.05,34.75,8.51,0.6,2488,漢平,34.05
42,254,"520,206","17,626,506",33.95,20191101,33.6,34.15,8.36,0.35,2488,漢平,33.7
43,112,"233,100","7,862,489",33.6,20191031,33.55,33.8,8.28,0.05,2488,漢平,33.6
44,144,"219,495","7,365,782",33.55,20191030,33.45,33.75,8.26,0.05,2488,漢平,33.75
45,181,"258,004","8,701,032",33.6,20191029,33.6,33.95,8.28,0.25,2488,漢平,33.95
46,140,"191,006","6,445,610",33.85,20191028,33.6,33.9,8.34,0.05,2488,漢平,33.9
47,242,"325,000","11,012,100",33.9,20191025,33.75,34.1,8.35,0.0,2488,漢平,34.0
48,134,"256,287","8,684,764",33.9,20191024,33.8,33.95,8.35,0.05,2488,漢平,33.95
49,271,"568,500","19,271,200",33.95,20191023,33.45,34.15,8.36,0.55,2488,漢平,33.45
50,212,"302,212","10,118,281",33.4,20191022,33.35,33.8,8.23,0.25,2488,漢平,33.75
51,151,"253,100","8,498,139",33.65,20191021,33.25,33.8,8.29,0.3,2488,漢平,33.35
52,346,"878,160","29,127,486",33.35,20191018,32.8,33.7,8.21,0.25,2488,漢平,33.6
53,134,"234,401","7,882,314",33.6,20191017,33.45,33.75,8.28,0.15,2488,漢平,33.45
54,306,"420,402","14,146,344",33.45,20191016,33.45,33.95,8.24,0.05,2488,漢平,33.75
55,270,"371,234","12,447,283",33.5,20191015,33.25,33.95,8.25,0.2,2488,漢平,33.85
56,599,"1,114,301","37,345,068",33.7,20191014,32.55,34.1,8.3,1.2,2488,漢平,32.6
57,198,"375,300","12,286,478",32.5,20191009,32.35,32.8,8.0,0.35,2488,漢平,32.8
58,196,"334,000","11,016,300",32.85,20191008,32.85,33.25,8.09,0.3,2488,漢平,33.1
59,127,"295,000","9,794,300",33.15,20191007,33.1,33.35,8.16,0.05,2488,漢平,33.2
60,338,"520,420","17,299,442",33.2,20191004,33.0,33.9,8.18,0.4,2488,漢平,33.85
61,161,"416,200","14,178,400",33.6,20191003,33.05,33.6,8.28,0.1,2488,漢平,33.25
62,448,"681,200","22,475,060",33.5,20191002,32.3,33.55,8.25,0.65,2488,漢平,32.7
63,719,"1,394,476","46,291,204",32.85,20191001,32.8,33.45,8.09,0.7,2488,漢平,33.45
64,"1,028","1,853,518","63,273,055",33.55,20190927,33.45,34.8,8.26,1.25,2488,漢平,34.8
65,968,"1,716,200","60,125,899",34.8,20190926,34.8,35.75,8.57,0.95,2488,漢平,35.75
66,484,"980,001","35,256,585",35.75,20190925,35.55,36.2,8.81,0.35,2488,漢平,36.2
67,"1,016","2,619,122","95,852,538",36.1,20190924,36.1,37.0,8.89,0.0,2488,漢平,36.7
68,832,"1,785,654","69,843,365",39.15,20190923,38.9,39.25,9.64,0.0,2488,漢平,39.15
69,499,"995,496","38,858,740",39.15,20190920,38.85,39.2,9.64,0.05,2488,漢平,39.2
70,433,"1,035,247","40,583,955",39.2,20190919,39.15,39.3,9.66,0.1,2488,漢平,39.2
71,483,"896,033","34,928,136",39.1,20190918,38.8,39.15,9.63,0.3,2488,漢平,38.8
72,229,"475,928","18,467,703",38.8,20190917,38.75,38.85,9.56,0.0,2488,漢平,38.8
73,330,"774,452","29,902,096",38.8,20190916,38.45,38.9,9.56,0.35,2488,漢平,38.45
74,297,"473,401","18,187,038",38.45,20190912,38.3,38.6,9.47,0.15,2488,漢平,38.35
75,727,"1,154,083","44,259,244",38.3,20190911,38.0,38.7,9.43,0.55,2488,漢平,38.7
76,403,"692,306","26,900,948",38.85,20190910,38.55,39.35,9.57,0.35,2488,漢平,39.3
77,"1,051","1,703,302","67,008,547",39.2,20190909,38.9,39.7,9.66,0.5,2488,漢平,38.95
78,271,"360,151","13,908,958",38.7,20190906,38.5,38.85,9.53,0.0,2488,漢平,38.85
79,415,"642,477","24,888,055",38.7,20190905,38.55,38.95,9.53,0.1,2488,漢平,38.85
80,321,"457,121","17,673,682",38.6,20190904,38.5,38.95,9.51,0.2,2488,漢平,38.9
81,361,"488,530","18,950,420",38.8,20190903,38.65,38.9,9.56,0.15,2488,漢平,38.85
82,322,"469,001","18,055,442",38.65,20190902,38.25,38.65,9.52,0.4,2488,漢平,38.3
83,271,"416,001","15,907,791",38.25,20190830,38.1,38.45,9.42,0.15,2488,漢平,38.4
84,269,"389,002","14,822,626",38.1,20190829,37.95,38.35,9.38,0.1,2488,漢平,38.15
85,343,"490,249","18,538,573",38.0,20190828,37.45,38.0,9.36,0.6,2488,漢平,37.45
86,163,"228,002","8,521,124",37.4,20190827,37.2,37.55,9.21,0.3,2488,漢平,37.3
87,371,"484,003","17,864,164",37.1,20190826,36.75,37.2,9.14,0.45,2488,漢平,37.05
88,194,"269,101","10,068,092",37.55,20190823,37.25,37.6,9.25,0.1,2488,漢平,37.6
89,380,"518,001","19,454,341",37.45,20190822,37.4,37.95,9.22,0.25,2488,漢平,37.95
90,489,"625,162","23,496,473",37.7,20190821,37.4,38.05,9.29,0.1,2488,漢平,37.8
91,660,"1,012,000","38,647,900",37.8,20190820,37.7,39.0,9.31,0.95,2488,漢平,38.95
92,472,"701,440","27,070,059",38.75,20190819,38.35,38.85,9.54,0.4,2488,漢平,38.6
93,244,"339,000","12,968,600",38.35,20190816,37.9,38.4,9.45,0.35,2488,漢平,38.05
94,151,"211,100","8,006,614",38.0,20190815,37.6,38.1,9.36,0.2,2488,漢平,37.75
95,270,"430,101","16,481,198",38.2,20190814,38.05,38.6,9.41,0.05,2488,漢平,38.4
96,420,"650,815","24,788,140",38.25,20190813,37.7,38.3,9.42,0.55,2488,漢平,38.05
97,208,"297,327","11,170,880",37.7,20190812,37.15,37.85,9.29,0.85,2488,漢平,37.3
