,成交筆數,成交股數,成交金額,收盤價,日期,最低價,最高價,本益比,漲跌價差,證券代號,證券名稱,開盤價
0,17,"44,400","428,759",9.72,20191122,9.61,9.73,0.00,0.00,2460,建通,9.73
1,24,"40,190","386,653",9.72,20191121,9.61,9.73,0.0,0.03,2460,建通,9.73
2,34,"70,041","674,924",9.69,20191120,9.57,9.73,0.0,0.04,2460,建通,9.65
3,16,"22,533","216,365",9.65,20191119,9.57,9.66,0.0,0.02,2460,建通,9.58
4,11,"17,205","165,218",9.63,20191118,9.59,9.64,0.0,0.03,2460,建通,9.6
5,36,"68,398","659,171",9.6,20191115,9.6,9.77,0.0,0.04,2460,建通,9.65
6,20,"22,607","219,865",9.64,20191114,9.64,9.78,0.0,0.06,2460,建通,9.66
7,20,"71,001","685,039",9.7,20191113,9.63,9.79,0.0,0.07,2460,建通,9.79
8,17,"35,206","339,182",9.63,20191112,9.63,9.7,0.0,0.0,2460,建通,9.7
9,25,"56,000","540,990",9.63,20191111,9.62,9.82,0.0,0.19,2460,建通,9.82
10,31,"62,816","621,071",9.82,20191108,9.82,10.05,0.0,0.15,2460,建通,10.05
11,68,"112,030","1,118,371",9.97,20191107,9.83,10.1,0.0,0.05,2460,建通,9.92
12,36,"74,011","730,718",9.92,20191106,9.8,9.94,0.0,0.07,2460,建通,9.85
13,17,"52,000","511,910",9.85,20191105,9.8,9.87,0.0,0.07,2460,建通,9.87
14,46,"124,416","1,229,386",9.92,20191104,9.8,9.95,0.0,0.02,2460,建通,9.91
15,34,"52,000","516,800",9.9,20191101,9.85,10.0,0.0,0.06,2460,建通,10.0
16,81,"165,295","1,650,350",9.96,20191031,9.95,10.05,0.0,0.24,2460,建通,10.0
17,723,"1,775,294","18,238,515",10.2,20191030,9.9,10.6,0.0,0.54,2460,建通,9.9
18,131,"226,060","2,154,129",9.66,20191029,9.36,9.72,0.0,0.31,2460,建通,9.39
19,52,"133,006","1,238,570",9.35,20191028,9.25,9.35,0.0,0.11,2460,建通,9.25
20,61,"163,000","1,514,740",9.24,20191025,9.23,9.34,0.0,0.02,2460,建通,9.28
21,22,"19,990","184,634",9.22,20191024,9.21,9.3,0.0,0.05,2460,建通,9.21
22,28,"88,119","819,609",9.27,20191023,9.27,9.34,0.0,0.1,2460,建通,9.3
23,66,"109,900","1,011,678",9.17,20191022,9.17,9.32,0.0,0.03,2460,建通,9.2
24,48,"120,708","1,104,788",9.2,20191021,9.13,9.2,0.0,0.0,2460,建通,9.18
25,43,"81,000","745,270",9.2,20191018,9.18,9.22,0.0,0.09,2460,建通,9.22
26,27,"65,110","601,279",9.29,20191017,9.21,9.35,0.0,0.06,2460,建通,9.35
27,54,"85,893","794,997",9.35,20191016,9.18,9.35,0.0,0.16,2460,建通,9.2
28,32,"92,496","851,252",9.19,20191015,9.16,9.25,0.0,0.07,2460,建通,9.24
29,20,"67,000","621,160",9.26,20191014,9.26,9.33,0.0,0.0,2460,建通,9.32
30,41,"111,479","1,032,336",9.26,20191009,9.24,9.35,0.0,0.06,2460,建通,9.35
31,41,"66,530","617,240",9.32,20191008,9.25,9.32,0.0,0.05,2460,建通,9.27
32,31,"67,000","622,530",9.27,20191007,9.27,9.32,0.0,0.03,2460,建通,9.3
33,101,"233,197","2,175,383",9.3,20191004,9.28,9.44,0.0,0.14,2460,建通,9.44
34,23,"35,080","330,525",9.44,20191003,9.41,9.45,0.0,0.02,2460,建通,9.45
35,32,"74,238","700,664",9.42,20191002,9.42,9.5,0.0,0.0,2460,建通,9.45
36,25,"75,398","711,811",9.42,20191001,9.42,9.58,0.0,0.08,2460,建通,9.58
37,57,"182,542","1,727,484",9.5,20190927,9.41,9.51,0.0,0.01,2460,建通,9.5
38,38,"106,010","1,009,065",9.51,20190926,9.5,9.58,0.0,0.02,2460,建通,9.52
39,27,"46,274","440,215",9.53,20190925,9.5,9.53,0.0,0.03,2460,建通,9.51
40,46,"102,000","972,470",9.5,20190924,9.5,9.6,0.0,0.04,2460,建通,9.56
41,7,"6,507","62,181",9.54,20190923,9.54,9.6,0.0,0.02,2460,建通,9.6
42,9,"12,000","114,940",9.56,20190920,9.56,9.6,0.0,0.01,2460,建通,9.6
43,34,"56,005","536,778",9.57,20190919,9.56,9.6,0.0,0.11,2460,建通,9.58
44,40,"65,253","626,588",9.68,20190918,9.57,9.68,0.0,0.07,2460,建通,9.6
45,14,"19,205","184,337",9.61,20190917,9.58,9.61,0.0,0.02,2460,建通,9.6
46,30,"204,001","1,970,189",9.63,20190916,9.63,9.71,0.0,0.03,2460,建通,9.65
47,26,"63,196","607,643",9.6,20190912,9.58,9.66,0.0,0.01,2460,建通,9.66
48,18,"65,001","623,459",9.59,20190911,9.57,9.6,0.0,0.02,2460,建通,9.6
49,24,"53,001","508,639",9.61,20190910,9.58,9.71,0.0,0.05,2460,建通,9.71
50,25,"40,226","387,451",9.66,20190909,9.6,9.7,0.0,0.04,2460,建通,9.7
51,55,"118,258","1,138,646",9.62,20190906,9.61,9.68,0.0,0.06,2460,建通,9.68
52,33,"65,277","632,381",9.68,20190905,9.67,9.77,0.0,0.02,2460,建通,9.7
53,34,"90,001","876,169",9.7,20190904,9.7,9.78,0.0,0.01,2460,建通,9.77
54,17,"17,006","164,704",9.71,20190903,9.67,9.71,0.0,0.02,2460,建通,9.71
55,43,"38,552","375,391",9.73,20190902,9.72,9.81,0.0,0.0,2460,建通,9.81
56,78,"189,095","1,850,196",9.73,20190830,9.73,9.88,0.0,0.04,2460,建通,9.74
57,13,"24,410","236,893",9.69,20190829,9.69,9.78,0.0,0.02,2460,建通,9.78
58,31,"47,698","461,976",9.67,20190828,9.67,9.79,0.0,0.05,2460,建通,9.79
59,18,"42,001","408,849",9.72,20190827,9.72,9.81,0.0,0.0,2460,建通,9.81
60,25,"48,100","470,499",9.72,20190826,9.72,9.82,0.0,0.06,2460,建通,9.8
61,10,"29,000","283,620",9.78,20190823,9.78,9.78,0.0,0.0,2460,建通,9.78
62,23,"60,877","591,495",9.78,20190822,9.7,9.78,0.0,0.04,2460,建通,9.75
63,42,"89,001","868,049",9.74,20190821,9.72,9.79,0.0,0.01,2460,建通,9.79
64,54,"188,846","1,836,984",9.75,20190820,9.7,9.79,0.0,0.01,2460,建通,9.74
65,41,"99,545","970,326",9.74,20190819,9.72,9.79,0.0,0.01,2460,建通,9.78
66,41,"90,100","875,195",9.75,20190816,9.7,9.79,0.0,0.04,2460,建通,9.7
67,9,"20,001","195,829",9.79,20190815,9.79,9.81,0.0,0.02,2460,建通,9.81
68,13,"19,957","193,790",9.81,20190814,9.69,9.84,0.0,0.1,2460,建通,9.84
69,17,"63,000","612,680",9.71,20190813,9.69,9.8,0.0,0.05,2460,建通,9.76
70,26,"74,236","722,478",9.76,20190812,9.71,9.76,0.0,0.0,2460,建通,9.71
