,成交筆數,成交股數,成交金額,收盤價,日期,最低價,最高價,本益比,漲跌價差,證券代號,證券名稱,開盤價
0,"1,099","1,546,219","71,760,158",46.30,20191231,46.30,46.55,12.51,0.15,2542,興富發,46.40
1,784,"1,170,712","54,336,652",46.45,20191230,46.35,46.5,12.55,0.05,2542,興富發,46.45
2,860,"1,621,290","75,210,353",46.4,20191227,46.3,46.45,12.54,0.2,2542,興富發,46.3
3,484,"904,477","41,785,325",46.2,20191226,46.1,46.3,12.49,0.0,2542,興富發,46.25
4,933,"1,513,871","70,077,057",46.2,20191225,46.15,46.4,12.49,0.05,2542,興富發,46.25
5,"1,896","7,626,365","351,124,130",46.15,20191224,45.7,46.15,12.47,0.6,2542,興富發,45.7
6,"2,768","7,427,388","339,598,807",45.55,20191223,45.55,46.25,12.31,0.1,2542,興富發,45.65
7,"3,160","8,764,059","399,365,288",45.45,20191220,45.45,45.95,12.28,0.45,2542,興富發,45.9
8,"2,435","3,773,435","172,831,707",45.9,20191219,45.7,46.0,12.41,0.1,2542,興富發,46.0
9,"2,169","3,255,069","149,885,334",46.0,20191218,46.0,46.25,12.43,0.25,2542,興富發,46.2
10,"1,479","2,368,281","109,398,489",46.25,20191217,46.1,46.4,12.5,0.0,2542,興富發,46.25
11,986,"1,413,140","65,364,619",46.25,20191216,46.2,46.4,12.5,0.0,2542,興富發,46.25
12,907,"1,385,203","64,056,278",46.25,20191213,46.15,46.35,12.5,0.1,2542,興富發,46.25
13,"1,185","1,920,490","88,708,791",46.35,20191212,46.05,46.4,12.53,0.3,2542,興富發,46.05
14,"1,227","2,007,409","92,477,049",46.05,20191211,46.0,46.15,12.45,0.0,2542,興富發,46.1
15,"1,648","3,036,269","139,918,795",46.05,20191210,46.0,46.25,12.45,0.25,2542,興富發,46.2
16,"1,285","2,006,421","92,999,562",46.3,20191209,46.2,46.55,12.51,0.3,2542,興富發,46.55
17,809,"1,165,173","54,277,215",46.6,20191206,46.5,46.7,12.59,0.05,2542,興富發,46.6
18,814,"1,305,199","60,798,644",46.55,20191205,46.5,46.7,12.58,0.05,2542,興富發,46.6
19,"1,414","1,972,495","91,776,428",46.6,20191204,46.45,46.7,12.59,0.1,2542,興富發,46.55
20,876,"1,236,876","57,686,164",46.7,20191203,46.55,46.7,12.62,0.15,2542,興富發,46.55
21,656,"1,063,257","49,561,019",46.55,20191202,46.55,46.8,12.58,0.0,2542,興富發,46.6
22,960,"1,695,456","78,978,251",46.55,20191129,46.5,46.8,12.58,0.05,2542,興富發,46.6
23,"1,266","1,873,790","87,503,230",46.5,20191128,46.5,47.0,12.57,0.3,2542,興富發,46.85
24,"1,322","2,027,148","94,711,881",46.8,20191127,46.5,46.95,12.65,0.6,2542,興富發,46.5
25,"1,529","5,132,435","237,818,295",46.2,20191126,46.2,46.85,12.49,0.55,2542,興富發,46.65
26,"1,042","1,580,124","73,619,596",46.75,20191125,46.5,46.75,12.64,0.2,2542,興富發,46.55
27,"1,002","1,334,462","62,165,483",46.55,20191122,46.55,46.65,12.58,0.05,2542,興富發,46.6
28,"1,508","2,108,819","98,359,743",46.6,20191121,46.6,46.8,12.59,0.25,2542,興富發,46.8
29,877,"1,432,129","67,101,685",46.85,20191120,46.8,47.0,12.66,0.05,2542,興富發,46.9
30,"1,037","1,601,499","75,013,147",46.9,20191119,46.7,46.95,12.68,0.05,2542,興富發,46.75
31,972,"1,559,351","73,113,750",46.85,20191118,46.8,47.05,12.66,0.1,2542,興富發,47.0
32,974,"1,499,032","70,198,508",46.95,20191115,46.7,46.95,12.69,0.4,2542,興富發,46.8
33,"1,639","2,611,813","122,111,608",46.55,20191114,46.55,46.95,12.58,0.05,2542,興富發,46.7
34,"1,379","2,063,411","96,104,017",46.5,20191113,46.5,47.05,12.57,0.4,2542,興富發,46.7
35,"1,350","2,519,468","117,791,659",46.9,20191112,46.55,47.0,10.13,0.2,2542,興富發,46.9
36,"1,542","2,813,207","131,794,279",46.7,20191111,46.7,47.05,10.09,0.35,2542,興富發,47.0
37,"1,028","1,660,061","78,265,773",47.05,20191108,47.05,47.35,10.16,0.2,2542,興富發,47.3
38,"1,038","1,612,133","76,358,593",47.25,20191107,47.2,47.6,10.21,0.2,2542,興富發,47.3
39,"1,968","2,940,778","138,940,065",47.45,20191106,46.95,47.55,10.25,0.35,2542,興富發,47.1
40,"1,502","2,601,112","122,003,420",47.1,20191105,46.65,47.15,10.17,0.0,2542,興富發,47.1
41,"1,647","2,773,598","130,252,354",47.1,20191104,46.8,47.15,10.17,0.15,2542,興富發,47.0
42,"1,031","1,752,181","82,057,536",46.95,20191101,46.7,46.95,10.14,0.2,2542,興富發,46.8
43,"1,401","2,879,731","135,178,996",46.75,20191031,46.75,47.2,10.1,0.1,2542,興富發,46.85
44,"1,539","3,008,259","141,230,449",46.85,20191030,46.75,47.05,10.12,0.05,2542,興富發,46.75
45,"1,253","1,969,841","92,318,877",46.8,20191029,46.75,47.1,10.11,0.2,2542,興富發,47.0
46,"1,455","2,737,448","128,640,110",47.0,20191028,46.8,47.3,10.15,0.25,2542,興富發,47.25
47,957,"1,551,797","73,264,501",47.25,20191025,47.1,47.55,10.21,0.25,2542,興富發,47.5
48,"1,531","2,568,040","121,625,892",47.5,20191024,47.2,47.6,10.26,0.0,2542,興富發,47.6
49,"2,259","4,077,790","193,871,467",47.5,20191023,47.0,47.95,10.26,0.5,2542,興富發,47.0
50,"2,153","3,799,214","178,783,350",47.0,20191022,46.95,47.15,10.15,0.25,2542,興富發,47.0
51,"2,338","5,034,748","234,596,906",46.75,20191021,46.1,46.8,10.1,0.85,2542,興富發,46.2
52,"1,241","4,241,836","194,296,529",45.9,20191018,45.65,45.9,9.91,0.1,2542,興富發,45.8
53,"2,025","3,018,625","138,646,250",45.8,20191017,45.75,46.2,9.89,0.2,2542,興富發,46.0
54,"1,976","3,036,441","139,900,557",46.0,20191016,46.0,46.2,9.94,0.05,2542,興富發,46.1
55,"1,849","2,877,153","131,882,868",45.95,20191015,45.75,45.95,9.92,0.3,2542,興富發,45.8
56,"2,111","3,589,615","164,124,748",45.65,20191014,45.55,45.95,9.86,0.35,2542,興富發,45.7
57,"1,801","3,224,305","146,671,434",45.3,20191009,45.3,45.65,9.78,0.1,2542,興富發,45.4
58,"2,615","4,497,768","204,045,578",45.4,20191008,45.25,45.7,9.81,0.35,2542,興富發,45.7
59,"1,515","2,806,312","128,444,852",45.75,20191007,45.65,45.85,9.88,0.05,2542,興富發,45.7
60,"3,443","5,932,044","270,490,274",45.7,20191004,45.2,46.05,9.87,0.35,2542,興富發,46.05
61,"3,793","12,748,548","586,755,956",46.05,20191003,45.55,46.3,9.95,0.15,2542,興富發,45.8
62,"5,571","74,324,931","3,401,570,758",45.9,20191002,45.0,46.15,9.91,0.0,2542,興富發,45.0
63,"4,047","41,018,231","2,048,292,408",49.95,20191001,49.8,50.0,10.79,0.05,2542,興富發,49.95
64,"1,548","35,755,259","1,784,131,251",49.9,20190927,49.75,50.0,10.78,0.1,2542,興富發,49.75
65,"1,414","5,941,292","295,291,887",49.8,20190926,49.7,49.9,10.76,0.0,2542,興富發,49.8
66,"1,342","3,263,205","162,374,750",49.8,20190925,49.65,49.95,10.76,0.15,2542,興富發,49.7
67,"1,433","3,031,219","150,739,600",49.65,20190924,49.65,49.85,10.72,0.15,2542,興富發,49.7
68,"1,062","2,295,423","114,343,736",49.8,20190923,49.65,50.0,10.76,0.0,2542,興富發,49.65
69,"1,174","3,300,695","164,662,300",49.8,20190920,49.8,50.0,10.76,0.15,2542,興富發,50.0
70,953,"2,017,496","100,949,900",49.95,20190919,49.9,50.2,10.79,0.05,2542,興富發,50.1
71,"1,585","2,686,821","134,646,296",50.0,20190918,50.0,50.2,10.8,0.2,2542,興富發,50.2
72,"1,179","2,463,274","123,550,733",50.2,20190917,50.0,50.3,10.84,0.2,2542,興富發,50.3
73,"1,850","4,211,444","209,522,400",50.0,20190916,49.35,50.0,10.8,0.6,2542,興富發,49.35
74,969,"2,282,170","112,930,556",49.4,20190912,49.35,49.6,10.67,0.1,2542,興富發,49.5
75,"1,470","2,773,450","137,336,627",49.5,20190911,49.35,49.65,10.69,0.25,2542,興富發,49.6
76,758,"1,686,832","83,855,808",49.75,20190910,49.6,49.8,10.75,0.05,2542,興富發,49.7
77,890,"1,262,454","62,622,725",49.7,20190909,49.45,49.7,10.73,0.4,2542,興富發,49.5
78,880,"1,385,950","68,446,500",49.3,20190906,49.2,49.55,10.65,0.05,2542,興富發,49.3
79,"1,081","1,468,122","72,396,335",49.25,20190905,49.2,49.5,10.64,0.05,2542,興富發,49.2
80,"1,096","1,513,975","74,606,504",49.2,20190904,49.2,49.45,10.63,0.05,2542,興富發,49.2
81,945,"1,392,934","68,760,422",49.25,20190903,49.25,49.5,10.64,0.25,2542,興富發,49.5
82,619,"912,860","45,142,742",49.5,20190902,49.4,49.5,10.69,0.0,2542,興富發,49.45
83,"1,524","2,582,624","127,480,504",49.5,20190830,49.1,49.5,10.69,0.45,2542,興富發,49.15
84,"1,289","1,929,947","94,869,577",49.05,20190829,49.05,49.4,10.59,0.35,2542,興富發,49.35
85,"1,274","1,933,830","94,812,827",49.4,20190828,48.5,49.4,10.67,1.0,2542,興富發,48.5
86,"2,046","4,160,275","202,288,039",48.4,20190827,48.4,49.0,10.45,0.4,2542,興富發,48.85
87,"1,344","2,119,890","103,631,810",48.8,20190826,48.8,49.0,10.54,0.4,2542,興富發,49.0
88,"1,330","2,089,094","102,567,874",49.2,20190823,48.9,49.2,10.63,0.3,2542,興富發,48.9
89,"1,080","1,687,437","82,541,228",48.9,20190822,48.65,49.05,10.56,0.25,2542,興富發,48.65
90,"1,528","2,359,235","114,678,315",48.65,20190821,48.5,48.75,10.51,0.05,2542,興富發,48.6
91,"1,241","1,777,519","86,607,431",48.6,20190820,48.6,48.9,10.5,0.15,2542,興富發,48.75
92,"1,392","2,175,948","105,938,292",48.75,20190819,48.6,48.9,10.53,0.05,2542,興富發,48.85
93,"1,562","2,382,328","116,201,124",48.8,20190816,48.5,49.0,10.54,0.15,2542,興富發,48.95
94,"1,896","3,011,714","146,898,580",48.95,20190815,48.2,49.15,10.57,0.6,2542,興富發,48.35
95,"1,130","1,883,178","91,367,039",48.35,20190814,48.35,48.65,10.44,0.0,2542,興富發,48.5
96,783,"1,160,646","55,968,804",48.35,20190813,48.1,48.4,10.44,0.1,2542,興富發,48.2
97,772,"1,249,997","60,362,500",48.25,20190812,48.05,48.55,7.27,0.05,2542,興富發,48.1
