,成交筆數,成交股數,成交金額,收盤價,日期,最低價,最高價,本益比,漲跌價差,證券代號,證券名稱,開盤價
0,484,"715,257","52,627,883",73.50,20191231,73.40,74.00,3.82,0.20,2915,潤泰全,73.70
1,859,"1,222,168","90,417,663",73.7,20191230,73.7,74.2,3.83,0.1,2915,潤泰全,73.9
2,521,"784,495","57,771,223",73.6,20191227,73.5,73.9,3.82,0.1,2915,潤泰全,73.7
3,487,"641,899","47,317,656",73.5,20191226,73.5,74.0,3.82,0.2,2915,潤泰全,73.7
4,704,"1,071,491","78,622,124",73.7,20191225,72.9,73.7,3.83,1.0,2915,潤泰全,72.9
5,"1,232","2,021,789","146,918,123",72.7,20191224,72.3,73.1,3.78,0.1,2915,潤泰全,72.8
6,"1,323","2,057,574","149,973,858",72.6,20191223,72.6,73.5,3.77,0.1,2915,潤泰全,73.2
7,"1,710","3,268,740","238,849,838",72.5,20191220,72.5,74.1,3.77,0.8,2915,潤泰全,73.3
8,887,"1,383,111","101,277,928",73.3,20191219,73.0,73.9,3.81,0.3,2915,潤泰全,73.6
9,904,"1,168,607","86,272,563",73.6,20191218,73.6,74.4,3.82,0.6,2915,潤泰全,74.2
10,"1,090","1,455,797","107,847,042",74.2,20191217,73.9,74.5,3.85,0.2,2915,潤泰全,74.5
11,"1,262","2,030,436","151,318,823",74.4,20191216,73.5,75.3,3.86,1.0,2915,潤泰全,73.6
12,"1,072","1,770,372","130,117,136",73.4,20191213,73.1,74.0,3.81,0.6,2915,潤泰全,74.0
13,954,"1,478,582","109,138,390",74.0,20191212,73.6,74.1,3.84,0.2,2915,潤泰全,74.0
14,"1,381","2,218,502","163,666,434",73.8,20191211,73.4,74.2,3.83,0.4,2915,潤泰全,74.0
15,683,"1,004,083","74,369,844",74.2,20191210,73.7,74.4,3.85,0.2,2915,潤泰全,74.0
16,918,"1,348,062","100,002,784",74.0,20191209,73.9,74.8,3.84,0.2,2915,潤泰全,74.7
17,986,"1,427,749","106,262,866",74.2,20191206,74.1,74.8,3.85,0.2,2915,潤泰全,74.5
18,894,"1,306,371","97,529,292",74.4,20191205,74.4,75.3,3.86,0.1,2915,潤泰全,74.9
19,"1,366","2,071,389","154,373,289",74.3,20191204,74.3,75.1,3.86,0.8,2915,潤泰全,75.1
20,782,"1,109,839","83,308,997",75.1,20191203,74.7,75.4,3.9,0.2,2915,潤泰全,75.0
21,"1,204","1,955,531","147,188,868",75.3,20191202,74.9,76.1,3.91,0.4,2915,潤泰全,75.7
22,"1,277","2,496,265","190,319,555",75.7,20191129,75.7,77.0,3.93,1.3,2915,潤泰全,77.0
23,"1,468","2,382,290","184,938,664",77.0,20191128,77.0,78.3,4.0,0.1,2915,潤泰全,77.4
24,771,"1,502,916","115,245,947",76.9,20191127,76.2,77.0,3.99,0.7,2915,潤泰全,76.5
25,"1,365","2,806,079","214,481,897",76.2,20191126,75.8,77.1,3.96,0.2,2915,潤泰全,76.0
26,"1,072","1,562,511","118,163,536",76.0,20191125,75.2,76.0,3.95,0.0,2915,潤泰全,75.8
27,"1,298","2,156,188","164,417,888",76.0,20191122,76.0,77.1,3.95,0.8,2915,潤泰全,77.1
28,"1,016","1,728,592","132,806,134",76.8,20191121,76.2,77.2,3.99,0.5,2915,潤泰全,76.8
29,"1,046","1,692,451","130,536,772",77.3,20191120,76.7,77.7,4.02,0.0,2915,潤泰全,77.3
30,"1,395","2,535,747","196,154,848",77.3,20191119,76.5,78.3,4.02,0.4,2915,潤泰全,77.0
31,"1,320","2,016,275","155,103,151",76.9,20191118,76.6,77.8,3.99,0.3,2915,潤泰全,77.4
32,"1,884","3,172,833","245,774,041",77.2,20191115,77.0,78.3,4.01,0.2,2915,潤泰全,77.5
33,"6,379","11,647,202","896,943,154",77.0,20191114,75.0,78.7,4.0,4.0,2915,潤泰全,76.0
34,"1,271","2,259,496","166,259,008",73.0,20191113,73.0,74.4,4.33,1.3,2915,潤泰全,74.3
35,695,"970,680","72,147,720",74.3,20191112,74.0,74.9,4.41,0.2,2915,潤泰全,74.9
36,"1,040","1,829,662","136,282,088",74.5,20191111,74.0,75.2,4.42,0.6,2915,潤泰全,75.2
37,"1,088","1,799,842","135,641,750",75.1,20191108,74.9,76.0,4.45,0.1,2915,潤泰全,75.9
38,"1,413","2,795,838","210,371,518",75.2,20191107,74.7,75.9,4.46,0.9,2915,潤泰全,74.9
39,983,"1,608,153","119,834,044",74.3,20191106,74.1,74.9,4.41,0.1,2915,潤泰全,74.8
40,978,"1,715,156","127,502,044",74.2,20191105,74.0,74.9,4.4,0.3,2915,潤泰全,74.0
41,641,"990,309","72,881,599",73.9,20191104,73.1,73.9,4.38,0.8,2915,潤泰全,73.1
42,478,"655,799","47,889,627",73.1,20191101,72.8,73.5,4.34,0.1,2915,潤泰全,73.2
43,849,"1,474,234","108,328,182",73.2,20191031,73.2,73.9,4.34,0.0,2915,潤泰全,73.2
44,"1,217","1,740,618","126,835,614",73.2,20191030,72.1,73.4,4.34,1.1,2915,潤泰全,72.3
45,"1,328","2,143,866","155,306,652",72.1,20191029,71.9,73.3,4.28,0.7,2915,潤泰全,73.1
46,"1,133","1,914,108","139,958,421",72.8,20191028,72.7,73.8,4.32,0.6,2915,潤泰全,73.6
47,"1,197","1,853,375","136,814,010",73.4,20191025,73.4,74.4,4.35,0.6,2915,潤泰全,74.2
48,"1,411","2,562,616","189,003,125",74.0,20191024,73.3,74.1,4.39,0.7,2915,潤泰全,73.3
49,"1,806","3,865,243","284,240,639",73.3,20191023,72.5,74.2,4.35,0.8,2915,潤泰全,72.5
50,"1,300","2,350,507","171,041,246",72.5,20191022,72.3,73.5,4.3,0.3,2915,潤泰全,73.3
51,"1,181","2,118,502","154,189,137",72.8,20191021,72.1,73.1,4.32,0.2,2915,潤泰全,72.1
52,"1,177","2,351,876","170,430,730",72.6,20191018,72.0,72.9,4.31,0.0,2915,潤泰全,72.6
53,"2,684","4,930,404","355,527,153",72.6,20191017,70.8,72.8,4.31,1.9,2915,潤泰全,71.3
54,"1,207","1,995,413","141,327,925",70.7,20191016,70.5,71.2,4.19,0.3,2915,潤泰全,70.6
55,"1,214","1,939,349","136,263,586",70.4,20191015,69.8,70.6,4.18,1.2,2915,潤泰全,69.8
56,894,"1,372,868","95,351,267",69.2,20191014,69.2,70.0,4.1,0.4,2915,潤泰全,69.8
57,963,"1,520,535","106,134,626",69.6,20191009,69.2,70.4,4.13,0.3,2915,潤泰全,69.6
58,"1,451","2,158,036","150,150,191",69.9,20191008,68.6,69.9,4.15,1.5,2915,潤泰全,68.7
59,"1,075","1,801,850","124,020,532",68.4,20191007,68.2,69.1,4.06,0.3,2915,潤泰全,68.2
60,535,"680,314","46,256,107",68.1,20191004,67.8,68.3,4.04,0.5,2915,潤泰全,67.8
61,658,"953,058","64,589,444",67.6,20191003,67.4,68.2,4.01,0.8,2915,潤泰全,67.6
62,673,"898,742","61,296,045",68.4,20191002,67.3,68.6,4.06,0.9,2915,潤泰全,67.3
63,746,"1,064,368","71,660,235",67.5,20191001,66.9,67.6,4.0,0.6,2915,潤泰全,66.9
64,845,"1,238,523","82,900,287",66.9,20190927,66.6,67.3,3.97,0.1,2915,潤泰全,67.0
65,"1,376","2,224,949","150,156,558",67.0,20190926,67.0,68.4,3.97,0.9,2915,潤泰全,67.9
66,694,"1,097,191","74,559,688",67.9,20190925,67.8,68.2,4.03,0.2,2915,潤泰全,68.1
67,785,"1,230,712","83,925,851",68.1,20190924,68.0,68.4,4.04,0.0,2915,潤泰全,68.1
68,828,"1,373,762","93,626,680",68.1,20190923,67.9,68.6,4.04,0.2,2915,潤泰全,68.2
69,"1,601","3,326,644","228,936,865",68.3,20190920,68.3,69.6,4.05,1.2,2915,潤泰全,69.3
70,"1,387","2,247,347","157,240,939",69.5,20190919,69.5,70.8,4.12,1.2,2915,潤泰全,70.6
71,"1,093","1,579,816","111,868,676",70.7,20190918,70.4,71.1,4.19,0.8,2915,潤泰全,71.0
72,820,"1,243,769","88,899,398",71.5,20190917,71.1,71.7,4.24,0.0,2915,潤泰全,71.6
73,891,"1,208,613","86,161,448",71.5,20190916,70.8,71.5,4.24,0.6,2915,潤泰全,71.1
74,661,"1,127,079","79,933,687",70.9,20190912,70.7,71.1,4.21,0.5,2915,潤泰全,71.0
75,"1,028","1,684,847","119,501,432",70.4,20190911,70.4,71.5,4.18,0.4,2915,潤泰全,70.8
76,591,"810,419","56,730,441",70.0,20190910,69.8,70.3,4.15,0.0,2915,潤泰全,70.0
77,589,"862,162","60,494,740",70.0,20190909,70.0,70.5,4.15,0.1,2915,潤泰全,70.1
78,"1,021","1,723,731","121,369,330",70.1,20190906,70.1,71.0,4.16,0.5,2915,潤泰全,71.0
79,721,"1,082,781","76,798,434",70.6,20190905,70.6,71.3,4.19,0.3,2915,潤泰全,71.2
80,604,"885,220","62,480,285",70.9,20190904,70.3,70.9,4.21,0.5,2915,潤泰全,70.7
81,973,"1,646,258","116,891,083",70.4,20190903,70.3,71.9,4.18,0.8,2915,潤泰全,71.8
82,"1,276","1,906,292","134,801,032",71.2,20190902,69.8,71.2,4.22,1.5,2915,潤泰全,70.1
83,"1,391","3,059,404","214,892,096",69.7,20190830,69.7,70.9,4.13,0.1,2915,潤泰全,70.2
84,948,"1,850,501","129,307,365",69.6,20190829,69.5,70.5,4.13,0.2,2915,潤泰全,69.8
85,935,"1,381,458","96,778,356",69.8,20190828,69.6,70.7,4.14,1.0,2915,潤泰全,70.5
86,"1,578","3,415,428","241,349,808",70.8,20190827,69.7,71.4,4.2,0.5,2915,潤泰全,71.1
87,"1,567","2,519,850","177,211,348",70.3,20190826,69.3,71.3,4.17,0.5,2915,潤泰全,69.7
88,"1,146","1,791,747","126,608,171",70.8,20190823,70.1,71.2,4.2,0.0,2915,潤泰全,71.0
89,"2,230","3,844,234","270,443,901",70.8,20190822,69.3,70.8,4.2,1.9,2915,潤泰全,69.3
90,"1,156","1,722,978","118,131,782",68.9,20190821,67.5,68.9,4.09,1.3,2915,潤泰全,67.5
91,"1,684","2,670,844","180,990,302",67.6,20190820,67.5,68.5,4.01,0.6,2915,潤泰全,68.2
92,"1,311","2,111,227","144,920,620",68.2,20190819,68.1,69.4,4.05,0.6,2915,潤泰全,69.0
93,"1,880","2,936,813","202,590,005",68.8,20190816,68.5,69.7,4.08,0.3,2915,潤泰全,69.0
94,"3,985","6,925,592","478,348,947",69.1,20190815,67.3,70.0,4.1,1.9,2915,潤泰全,67.7
95,"2,741","4,796,047","321,506,531",67.2,20190814,65.0,68.0,3.99,3.6,2915,潤泰全,65.7
96,856,"1,346,852","85,707,128",63.6,20190813,63.3,64.2,3.62,0.5,2915,潤泰全,63.9
97,"1,515","2,532,635","162,817,753",64.1,20190812,63.2,65.0,3.65,1.1,2915,潤泰全,63.3
