,成交筆數,成交股數,成交金額,收盤價,日期,最低價,最高價,本益比,漲跌價差,證券代號,證券名稱,開盤價
0,"6,714","25,288,989","229,037,415",9.13,20191231,8.74,9.35,0.00,0.40,2363,矽統,8.79
1,"2,036","8,179,494","71,098,182",8.73,20191230,8.48,8.84,0.0,0.27,2363,矽統,8.48
2,449,"1,283,478","10,890,898",8.46,20191227,8.45,8.53,0.0,0.02,2363,矽統,8.5
3,426,"1,185,082","10,041,569",8.44,20191226,8.43,8.53,0.0,0.03,2363,矽統,8.5
4,560,"2,347,052","19,942,005",8.47,20191225,8.46,8.57,0.0,0.04,2363,矽統,8.51
5,693,"2,267,970","19,375,399",8.51,20191224,8.48,8.63,0.0,0.08,2363,矽統,8.62
6,"2,371","8,406,750","73,281,323",8.59,20191223,8.58,8.89,0.0,0.07,2363,矽統,8.62
7,569,"2,022,003","17,269,580",8.52,20191220,8.48,8.58,0.0,0.02,2363,矽統,8.55
8,799,"2,594,838","22,041,933",8.54,20191219,8.42,8.55,0.0,0.1,2363,矽統,8.47
9,"1,495","4,929,457","42,016,179",8.44,20191218,8.44,8.7,0.0,0.03,2363,矽統,8.52
10,"1,568","5,766,621","48,862,055",8.47,20191217,8.38,8.53,0.0,0.09,2363,矽統,8.44
11,"1,056","3,090,424","25,900,593",8.38,20191216,8.24,8.48,0.0,0.14,2363,矽統,8.25
12,731,"2,274,065","18,831,400",8.24,20191213,8.21,8.4,0.0,0.07,2363,矽統,8.38
13,931,"2,750,994","22,946,206",8.31,20191212,8.29,8.42,0.0,0.06,2363,矽統,8.31
14,557,"1,427,906","11,837,204",8.25,20191211,8.24,8.38,0.0,0.08,2363,矽統,8.38
15,"1,090","3,978,615","33,179,758",8.33,20191210,8.24,8.42,0.0,0.1,2363,矽統,8.27
16,589,"1,698,650","14,062,740",8.23,20191209,8.23,8.33,0.0,0.03,2363,矽統,8.32
17,"1,056","3,037,434","25,120,905",8.2,20191206,8.2,8.39,0.0,0.15,2363,矽統,8.39
18,"2,926","9,890,714","83,561,232",8.35,20191205,8.35,8.58,0.0,0.04,2363,矽統,8.56
19,"2,756","9,127,509","75,896,483",8.39,20191204,8.09,8.44,0.0,0.29,2363,矽統,8.09
20,407,"1,088,081","8,844,898",8.1,20191203,8.1,8.22,0.0,0.01,2363,矽統,8.11
21,400,"1,222,582","9,921,927",8.11,20191202,8.09,8.18,0.0,0.0,2363,矽統,8.11
22,436,"1,494,582","12,144,911",8.11,20191129,8.08,8.19,0.0,0.04,2363,矽統,8.16
23,555,"1,310,780","10,766,127",8.15,20191128,8.15,8.28,0.0,0.05,2363,矽統,8.28
24,952,"2,470,495","20,227,434",8.2,20191127,8.1,8.25,0.0,0.12,2363,矽統,8.1
25,588,"1,584,427","12,894,958",8.08,20191126,8.08,8.21,0.0,0.04,2363,矽統,8.18
26,"1,988","7,213,182","59,355,458",8.12,20191125,8.02,8.35,0.0,0.11,2363,矽統,8.02
27,520,"2,304,378","18,475,544",8.01,20191122,7.91,8.06,0.0,0.06,2363,矽統,7.91
28,342,"941,708","7,480,355",7.95,20191121,7.92,7.98,0.0,0.07,2363,矽統,7.97
29,332,"778,073","6,212,012",8.02,20191120,7.94,8.02,0.0,0.02,2363,矽統,8.0
30,421,"1,256,850","10,064,868",8.0,20191119,7.95,8.05,0.0,0.02,2363,矽統,7.95
31,494,"1,495,245","11,943,243",7.98,20191118,7.94,8.04,0.0,0.08,2363,矽統,7.94
32,292,"938,006","7,438,397",7.9,20191115,7.9,7.98,0.0,0.03,2363,矽統,7.97
33,319,"929,653","7,362,038",7.93,20191114,7.89,7.97,0.0,0.01,2363,矽統,7.92
34,362,"1,012,858","8,037,173",7.92,20191113,7.9,7.98,0.0,0.05,2363,矽統,7.94
35,429,"1,780,169","14,251,585",7.97,20191112,7.96,8.06,0.0,0.04,2363,矽統,8.03
36,545,"1,850,944","14,889,852",8.01,20191111,8.0,8.16,0.0,0.16,2363,矽統,8.15
37,331,"718,223","5,884,657",8.17,20191108,8.17,8.27,0.0,0.04,2363,矽統,8.27
38,369,"991,915","8,149,714",8.21,20191107,8.2,8.25,0.0,0.01,2363,矽統,8.21
39,404,"1,011,826","8,313,860",8.2,20191106,8.18,8.27,0.0,0.01,2363,矽統,8.22
40,"1,451","4,641,586","38,505,031",8.19,20191105,8.19,8.38,0.0,0.0,2363,矽統,8.31
41,500,"1,616,446","13,291,733",8.19,20191104,8.19,8.28,0.0,0.03,2363,矽統,8.2
42,297,"660,925","5,407,024",8.16,20191101,8.12,8.24,0.0,0.03,2363,矽統,8.12
43,340,"796,447","6,494,755",8.13,20191031,8.13,8.22,0.0,0.12,2363,矽統,8.22
44,313,"851,882","6,989,308",8.25,20191030,8.17,8.25,0.0,0.03,2363,矽統,8.24
45,489,"1,166,987","9,667,507",8.22,20191029,8.18,8.38,0.0,0.03,2363,矽統,8.26
46,324,"734,393","6,065,327",8.25,20191028,8.23,8.32,0.0,0.04,2363,矽統,8.31
47,402,"1,177,484","9,771,619",8.29,20191025,8.27,8.37,0.0,0.02,2363,矽統,8.34
48,"1,749","5,697,536","48,143,740",8.31,20191024,8.28,8.59,0.0,0.06,2363,矽統,8.28
49,427,"903,470","7,470,210",8.25,20191023,8.22,8.34,0.0,0.02,2363,矽統,8.29
50,330,"629,495","5,221,538",8.27,20191022,8.27,8.38,0.0,0.01,2363,矽統,8.32
51,270,"660,500","5,479,916",8.28,20191021,8.27,8.32,0.0,0.03,2363,矽統,8.28
52,816,"3,577,565","30,073,539",8.31,20191018,8.29,8.45,0.0,0.0,2363,矽統,8.29
53,381,"791,439","6,579,555",8.31,20191017,8.27,8.38,0.0,0.03,2363,矽統,8.38
54,"1,120","2,524,481","21,017,992",8.34,20191016,8.25,8.38,0.0,0.13,2363,矽統,8.26
55,"1,081","2,703,142","22,382,662",8.21,20191015,8.2,8.34,0.0,0.05,2363,矽統,8.2
56,974,"2,685,325","22,119,270",8.16,20191014,8.1,8.38,0.0,0.13,2363,矽統,8.11
57,257,"873,203","7,023,024",8.03,20191009,8.03,8.08,0.0,0.06,2363,矽統,8.07
58,226,"604,271","4,891,697",8.09,20191008,8.08,8.13,0.0,0.01,2363,矽統,8.11
59,234,"623,844","5,061,932",8.1,20191007,8.09,8.18,0.0,0.03,2363,矽統,8.16
60,337,"934,870","7,619,589",8.13,20191004,8.1,8.2,0.0,0.01,2363,矽統,8.19
61,260,"592,958","4,811,289",8.12,20191003,8.07,8.16,0.0,0.0,2363,矽統,8.07
62,287,"575,442","4,668,082",8.12,20191002,8.05,8.16,0.0,0.0,2363,矽統,8.1
63,429,"988,975","8,057,935",8.12,20191001,8.11,8.23,0.0,0.01,2363,矽統,8.23
64,931,"2,791,034","22,880,119",8.13,20190927,8.13,8.37,0.0,0.24,2363,矽統,8.34
65,"3,094","9,694,039","82,926,833",8.37,20190926,8.33,8.75,0.0,0.11,2363,矽統,8.34
66,446,"1,235,829","10,268,599",8.26,20190925,8.26,8.42,0.0,0.16,2363,矽統,8.42
67,"1,038","3,073,446","26,046,878",8.42,20190924,8.37,8.6,0.0,0.07,2363,矽統,8.42
68,832,"3,109,928","26,013,957",8.35,20190923,8.27,8.41,0.0,0.02,2363,矽統,8.4
69,"1,157","3,106,301","25,703,137",8.37,20190920,8.13,8.37,0.0,0.26,2363,矽統,8.13
70,551,"2,352,120","19,166,225",8.11,20190919,8.1,8.2,0.0,0.01,2363,矽統,8.15
71,456,"903,108","7,354,617",8.12,20190918,8.11,8.2,0.0,0.01,2363,矽統,8.14
72,203,"402,183","3,277,800",8.13,20190917,8.13,8.19,0.0,0.03,2363,矽統,8.16
73,270,"730,414","5,976,647",8.16,20190916,8.16,8.28,0.0,0.07,2363,矽統,8.22
74,359,"965,034","7,980,070",8.23,20190912,8.22,8.36,0.0,0.02,2363,矽統,8.36
75,543,"1,339,506","10,999,487",8.25,20190911,8.16,8.26,0.0,0.09,2363,矽統,8.18
76,648,"2,401,528","19,648,492",8.16,20190910,8.1,8.3,0.0,0.07,2363,矽統,8.22
77,840,"2,547,956","21,120,989",8.23,20190909,8.23,8.38,0.0,0.18,2363,矽統,8.34
78,"3,261","21,039,411","176,363,796",8.41,20190906,8.1,8.53,0.0,0.33,2363,矽統,8.12
79,551,"1,455,031","11,844,088",8.08,20190905,8.08,8.2,0.0,0.04,2363,矽統,8.19
80,434,"1,561,419","12,655,412",8.12,20190904,8.05,8.15,0.0,0.08,2363,矽統,8.05
81,580,"1,889,889","15,355,122",8.04,20190903,8.03,8.2,0.0,0.01,2363,矽統,8.07
82,309,"951,082","7,636,576",8.05,20190902,8.0,8.06,0.0,0.05,2363,矽統,8.02
83,545,"1,907,917","15,322,105",8.0,20190830,7.94,8.11,0.0,0.12,2363,矽統,7.97
84,216,"455,544","3,587,659",7.88,20190829,7.84,7.93,0.0,0.04,2363,矽統,7.88
85,299,"815,307","6,434,158",7.84,20190828,7.81,7.99,0.0,0.04,2363,矽統,7.89
86,232,"640,627","5,065,649",7.88,20190827,7.88,7.97,0.0,0.0,2363,矽統,7.93
87,316,"777,812","6,132,272",7.88,20190826,7.82,7.99,0.0,0.17,2363,矽統,7.82
88,331,"962,443","7,788,914",8.05,20190823,8.05,8.22,0.0,0.01,2363,矽統,8.07
89,409,"1,216,038","9,879,660",8.06,20190822,8.06,8.24,0.0,0.09,2363,矽統,8.24
90,434,"1,096,246","8,944,932",8.15,20190821,8.12,8.2,0.0,0.0,2363,矽統,8.18
91,"1,551","4,559,192","37,619,127",8.15,20190820,8.15,8.36,0.0,0.01,2363,矽統,8.36
92,887,"3,109,087","24,927,610",8.16,20190819,7.82,8.16,0.0,0.33,2363,矽統,7.95
93,388,"1,121,490","8,748,192",7.83,20190816,7.74,7.84,0.0,0.13,2363,矽統,7.74
94,394,"1,360,416","10,486,685",7.7,20190815,7.67,7.8,0.0,0.14,2363,矽統,7.71
95,323,"1,113,633","8,843,666",7.84,20190814,7.84,8.03,0.0,0.01,2363,矽統,7.88
96,240,"487,128","3,822,283",7.83,20190813,7.81,7.91,0.0,0.08,2363,矽統,7.88
97,278,"779,615","6,209,210",7.91,20190812,7.9,8.03,0.0,0.04,2363,矽統,8.0
