,成交筆數,成交股數,成交金額,收盤價,日期,最低價,最高價,本益比,漲跌價差,證券代號,證券名稱,開盤價
0,"2,357","4,985,550","76,900,520",15.55,20191231,15.20,15.60,129.58,0.30,2426,鼎元,15.40
1,550,"1,096,781","16,694,867",15.25,20191230,15.1,15.35,127.08,0.05,2426,鼎元,15.3
2,"1,715","3,605,705","54,965,836",15.2,20191227,14.9,15.45,126.67,0.3,2426,鼎元,14.95
3,579,"1,130,660","16,935,023",14.9,20191226,14.85,15.15,124.17,0.2,2426,鼎元,15.0
4,264,"470,143","6,909,043",14.7,20191225,14.55,14.85,122.5,0.15,2426,鼎元,14.55
5,297,"513,795","7,523,924",14.55,20191224,14.55,14.75,121.25,0.0,2426,鼎元,14.75
6,377,"804,772","11,863,965",14.55,20191223,14.55,15.0,121.25,0.3,2426,鼎元,14.9
7,341,"752,871","11,246,378",14.85,20191220,14.85,15.1,123.75,0.1,2426,鼎元,15.1
8,327,"643,682","9,664,407",14.95,20191219,14.95,15.15,124.58,0.05,2426,鼎元,15.0
9,557,"1,168,425","17,529,843",15.0,20191218,14.9,15.15,125.0,0.1,2426,鼎元,15.15
10,"2,307","5,285,992","79,802,817",15.1,20191217,14.8,15.4,125.83,0.7,2426,鼎元,14.8
11,419,"801,626","11,492,219",14.4,20191216,14.1,14.4,120.0,0.3,2426,鼎元,14.1
12,290,"507,005","7,164,970",14.1,20191213,14.0,14.25,117.5,0.1,2426,鼎元,14.2
13,337,"747,574","10,657,839",14.2,20191212,14.15,14.4,118.33,0.0,2426,鼎元,14.2
14,317,"686,082","9,759,046",14.2,20191211,14.15,14.35,118.33,0.2,2426,鼎元,14.3
15,"1,438","3,741,915","54,181,719",14.4,20191210,14.35,14.65,120.0,0.15,2426,鼎元,14.4
16,644,"1,343,510","19,012,337",14.25,20191209,13.95,14.3,118.75,0.3,2426,鼎元,13.95
17,585,"1,107,688","15,377,106",13.95,20191206,13.65,14.0,116.25,0.3,2426,鼎元,13.65
18,270,"681,887","9,313,358",13.65,20191205,13.6,13.75,113.75,0.1,2426,鼎元,13.6
19,166,"317,710","4,319,615",13.55,20191204,13.55,13.7,112.92,0.1,2426,鼎元,13.6
20,217,"397,914","5,406,928",13.65,20191203,13.5,13.7,113.75,0.15,2426,鼎元,13.5
21,304,"583,427","7,900,089",13.5,20191202,13.45,13.75,112.5,0.25,2426,鼎元,13.75
22,246,"472,137","6,498,270",13.75,20191129,13.7,13.85,114.58,0.05,2426,鼎元,13.8
23,217,"443,431","6,089,722",13.7,20191128,13.7,13.8,114.17,0.0,2426,鼎元,13.75
24,264,"568,567","7,791,312",13.7,20191127,13.65,13.8,114.17,0.05,2426,鼎元,13.8
25,229,"454,432","6,252,683",13.75,20191126,13.7,13.85,114.58,0.05,2426,鼎元,13.7
26,378,"686,552","9,396,497",13.7,20191125,13.6,13.75,114.17,0.2,2426,鼎元,13.7
27,583,"1,071,846","14,427,023",13.5,20191122,13.2,13.55,112.5,0.35,2426,鼎元,13.25
28,371,"726,042","9,550,295",13.15,20191121,13.05,13.25,109.58,0.15,2426,鼎元,13.25
29,468,"942,532","12,589,242",13.3,20191120,13.25,13.5,110.83,0.15,2426,鼎元,13.4
30,578,"1,082,334","14,692,532",13.45,20191119,13.45,13.75,112.08,0.3,2426,鼎元,13.75
31,340,"564,860","7,745,626",13.75,20191118,13.65,13.9,114.58,0.1,2426,鼎元,13.85
32,487,"925,011","12,893,343",13.85,20191115,13.8,14.15,115.42,0.3,2426,鼎元,14.1
33,685,"1,426,019","20,130,513",14.15,20191114,13.85,14.35,117.92,0.2,2426,鼎元,14.0
34,246,"504,811","7,065,706",13.95,20191113,13.9,14.1,28.47,0.1,2426,鼎元,14.05
35,225,"443,750","6,237,450",14.05,20191112,14.0,14.2,28.67,0.05,2426,鼎元,14.05
36,605,"1,255,307","17,693,998",14.0,20191111,14.0,14.5,28.57,0.5,2426,鼎元,14.5
37,216,"382,904","5,575,406",14.5,20191108,14.5,14.65,29.59,0.0,2426,鼎元,14.6
38,292,"606,516","8,832,601",14.5,20191107,14.5,14.65,29.59,0.0,2426,鼎元,14.5
39,394,"944,478","13,715,729",14.5,20191106,14.4,14.65,29.59,0.1,2426,鼎元,14.65
40,319,"515,810","7,550,759",14.6,20191105,14.6,14.75,29.8,0.05,2426,鼎元,14.65
41,244,"380,505","5,591,534",14.65,20191104,14.65,14.8,29.9,0.05,2426,鼎元,14.75
42,251,"470,505","6,922,194",14.7,20191101,14.65,14.85,30.0,0.05,2426,鼎元,14.75
43,302,"591,604","8,774,086",14.75,20191031,14.75,15.0,30.1,0.15,2426,鼎元,14.9
44,433,"946,665","14,225,269",14.9,20191030,14.8,15.15,30.41,0.1,2426,鼎元,14.8
45,549,"1,560,759","23,437,579",14.8,20191029,14.8,15.2,30.2,0.1,2426,鼎元,15.0
46,214,"337,839","5,050,744",14.9,20191028,14.85,15.05,30.41,0.05,2426,鼎元,15.0
47,278,"456,963","6,830,943",14.85,20191025,14.85,15.1,30.31,0.2,2426,鼎元,15.1
48,219,"428,015","6,447,325",15.05,20191024,15.0,15.2,30.71,0.05,2426,鼎元,15.05
49,777,"1,507,762","22,828,151",15.1,20191023,14.8,15.3,30.82,0.3,2426,鼎元,14.8
50,334,"653,491","9,669,932",14.8,20191022,14.65,14.95,30.2,0.1,2426,鼎元,14.75
51,195,"318,972","4,687,480",14.7,20191021,14.6,14.8,30.0,0.05,2426,鼎元,14.6
52,244,"433,830","6,393,510",14.65,20191018,14.65,14.85,29.9,0.15,2426,鼎元,14.8
53,213,"340,880","5,031,020",14.8,20191017,14.7,14.85,30.2,0.1,2426,鼎元,14.7
54,316,"499,098","7,351,824",14.7,20191016,14.65,14.8,30.0,0.1,2426,鼎元,14.65
55,376,"851,782","12,463,325",14.6,20191015,14.55,14.85,29.8,0.05,2426,鼎元,14.65
56,494,"817,542","12,131,527",14.65,20191014,14.65,15.1,29.9,0.25,2426,鼎元,15.0
57,633,"1,284,449","19,241,336",14.9,20191009,14.85,15.25,30.41,0.35,2426,鼎元,15.25
58,322,"579,256","8,878,285",15.25,20191008,15.25,15.55,31.12,0.15,2426,鼎元,15.55
59,199,"381,966","5,869,320",15.4,20191007,15.3,15.5,31.43,0.0,2426,鼎元,15.5
60,310,"661,800","10,245,248",15.4,20191004,15.35,15.65,31.43,0.1,2426,鼎元,15.6
61,203,"356,702","5,532,398",15.5,20191003,15.45,15.6,31.63,0.15,2426,鼎元,15.5
62,161,"239,651","3,737,002",15.65,20191002,15.5,15.7,31.94,0.05,2426,鼎元,15.6
63,342,"653,025","10,218,833",15.6,20191001,15.5,15.8,31.84,0.1,2426,鼎元,15.55
64,357,"594,449","9,252,477",15.5,20190927,15.5,15.8,31.63,0.2,2426,鼎元,15.75
65,352,"733,410","11,580,013",15.7,20190926,15.7,16.0,32.04,0.2,2426,鼎元,15.9
66,352,"604,516","9,674,792",15.9,20190925,15.9,16.25,32.45,0.35,2426,鼎元,16.25
67,380,"876,740","14,207,182",16.25,20190924,16.15,16.35,33.16,0.0,2426,鼎元,16.3
68,616,"1,174,571","18,988,394",16.25,20190923,15.8,16.3,33.16,0.3,2426,鼎元,15.95
69,405,"868,818","13,740,103",15.95,20190920,15.65,15.95,32.55,0.25,2426,鼎元,15.75
70,303,"584,052","9,212,309",15.7,20190919,15.7,15.85,32.04,0.05,2426,鼎元,15.75
71,336,"535,349","8,445,853",15.75,20190918,15.7,15.9,32.14,0.1,2426,鼎元,15.85
72,239,"460,739","7,261,920",15.85,20190917,15.65,15.9,32.35,0.15,2426,鼎元,15.7
73,255,"512,094","8,072,462",15.7,20190916,15.7,15.9,32.04,0.2,2426,鼎元,15.9
74,258,"596,152","9,503,463",15.9,20190912,15.85,16.0,32.45,0.05,2426,鼎元,15.9
75,346,"683,193","10,819,584",15.85,20190911,15.8,16.0,32.35,0.1,2426,鼎元,15.95
76,269,"537,888","8,595,176",15.95,20190910,15.95,16.05,32.55,0.1,2426,鼎元,16.0
77,309,"481,329","7,737,464",16.05,20190909,16.0,16.25,32.76,0.15,2426,鼎元,16.25
78,382,"716,740","11,585,055",16.2,20190906,16.1,16.3,33.06,0.0,2426,鼎元,16.25
79,690,"1,351,909","21,970,222",16.2,20190905,16.15,16.5,33.06,0.3,2426,鼎元,16.45
80,"1,897","4,869,038","80,297,771",16.5,20190904,16.3,16.65,33.67,0.2,2426,鼎元,16.4
81,"1,133","2,738,595","44,318,263",16.3,20190903,15.9,16.35,33.27,0.45,2426,鼎元,15.9
82,337,"581,335","9,211,584",15.85,20190902,15.7,15.95,32.35,0.15,2426,鼎元,15.7
83,624,"1,245,687","19,610,141",15.7,20190830,15.5,15.9,32.04,0.25,2426,鼎元,15.55
84,225,"432,570","6,682,773",15.45,20190829,15.4,15.55,31.53,0.05,2426,鼎元,15.4
85,240,"401,087","6,193,329",15.4,20190828,15.4,15.5,31.43,0.05,2426,鼎元,15.4
86,297,"607,406","9,357,073",15.35,20190827,15.3,15.5,31.33,0.05,2426,鼎元,15.35
87,381,"748,469","11,463,242",15.3,20190826,15.25,15.35,31.22,0.25,2426,鼎元,15.35
88,242,"458,203","7,141,344",15.55,20190823,15.5,15.7,31.73,0.05,2426,鼎元,15.65
89,315,"562,795","8,833,819",15.6,20190822,15.6,15.8,31.84,0.05,2426,鼎元,15.75
90,434,"606,157","9,468,991",15.65,20190821,15.55,15.7,31.94,0.15,2426,鼎元,15.55
91,449,"631,777","9,860,899",15.5,20190820,15.5,15.7,31.63,0.1,2426,鼎元,15.7
92,300,"552,203","8,619,350",15.6,20190819,15.5,15.7,31.84,0.15,2426,鼎元,15.6
93,407,"810,136","12,503,892",15.45,20190816,15.4,15.5,31.53,0.15,2426,鼎元,15.4
94,513,"1,044,732","15,962,795",15.3,20190815,15.2,15.4,31.22,0.3,2426,鼎元,15.3
95,391,"681,740","10,721,396",15.6,20190814,15.6,15.9,31.84,0.05,2426,鼎元,15.85
96,360,"689,474","10,791,992",15.65,20190813,15.55,15.85,8.32,0.3,2426,鼎元,15.85
97,332,"589,832","9,354,961",15.95,20190812,15.6,16.05,8.48,0.15,2426,鼎元,15.6
