,成交筆數,成交股數,成交金額,收盤價,日期,最低價,最高價,本益比,漲跌價差,證券代號,證券名稱,開盤價
0,"2,005","13,620,902","276,204,890",20.20,20191231,20.20,20.40,12.32,0.20,2885,元大金,20.35
1,"1,996","9,664,822","196,977,599",20.4,20191230,20.3,20.45,12.44,0.05,2885,元大金,20.45
2,"2,424","11,882,283","242,251,942",20.45,20191227,20.25,20.45,12.47,0.15,2885,元大金,20.3
3,"1,296","6,782,938","137,464,588",20.3,20191226,20.2,20.3,12.38,0.05,2885,元大金,20.25
4,990,"5,185,496","105,043,982",20.25,20191225,20.2,20.35,12.35,0.05,2885,元大金,20.3
5,"3,062","15,259,860","310,786,565",20.3,20191224,20.25,20.45,12.38,0.05,2885,元大金,20.35
6,"1,953","8,022,363","162,699,100",20.35,20191223,20.15,20.35,12.41,0.0,2885,元大金,20.15
7,"3,893","30,527,531","619,290,898",20.35,20191220,20.05,20.35,12.41,0.3,2885,元大金,20.15
8,"2,478","13,265,498","266,916,340",20.05,20191219,20.05,20.25,12.23,0.1,2885,元大金,20.2
9,"3,954","14,530,312","291,883,802",20.15,20191218,20.0,20.15,12.29,0.0,2885,元大金,20.1
10,"3,887","16,542,851","331,810,360",20.15,20191217,19.95,20.15,12.29,0.1,2885,元大金,19.95
11,"4,774","19,885,108","401,151,668",20.05,20191216,20.0,20.35,12.23,0.2,2885,元大金,20.25
12,"5,190","28,889,608","581,009,610",20.25,20191213,19.9,20.25,12.35,0.4,2885,元大金,19.95
13,"3,769","18,288,780","363,979,100",19.85,20191212,19.85,20.0,12.1,0.1,2885,元大金,19.85
14,"1,773","7,787,724","154,722,328",19.95,20191211,19.75,19.95,12.16,0.1,2885,元大金,19.8
15,"2,029","7,138,616","141,335,262",19.85,20191210,19.75,19.85,12.1,0.05,2885,元大金,19.75
16,"1,229","6,060,981","120,480,217",19.9,20191209,19.85,19.9,12.13,0.0,2885,元大金,19.9
17,"2,693","9,792,907","194,275,458",19.9,20191206,19.7,19.9,12.13,0.25,2885,元大金,19.7
18,"3,778","17,825,722","351,058,675",19.65,20191205,19.65,19.85,11.98,0.3,2885,元大金,19.8
19,"3,502","13,890,518","276,431,004",19.95,20191204,19.85,19.95,12.16,0.05,2885,元大金,19.9
20,"2,529","7,199,877","142,977,486",19.9,20191203,19.7,19.9,12.13,0.15,2885,元大金,19.7
21,"2,662","12,036,381","237,809,264",19.75,20191202,19.7,19.85,12.04,0.0,2885,元大金,19.8
22,"1,919","8,606,799","170,587,089",19.75,20191129,19.75,19.95,12.04,0.25,2885,元大金,19.95
23,"2,426","7,789,604","155,829,700",20.0,20191128,19.95,20.05,12.58,0.05,2885,元大金,20.05
24,"2,924","11,449,437","228,746,761",20.05,20191127,19.9,20.05,12.61,0.2,2885,元大金,19.9
25,"3,061","35,814,402","711,643,672",19.85,20191126,19.8,20.0,12.48,0.05,2885,元大金,19.85
26,"2,076","8,914,783","176,825,752",19.9,20191125,19.75,19.9,12.52,0.1,2885,元大金,19.8
27,"2,190","7,598,637","150,332,952",19.8,20191122,19.75,19.85,12.45,0.05,2885,元大金,19.75
28,"2,323","13,359,400","264,407,594",19.75,20191121,19.75,19.9,12.42,0.25,2885,元大金,19.8
29,"2,614","9,298,654","185,183,051",20.0,20191120,19.8,20.0,12.58,0.15,2885,元大金,19.85
30,"2,524","8,331,778","165,808,679",19.85,20191119,19.85,20.0,12.48,0.15,2885,元大金,19.9
31,"1,829","6,943,877","138,515,644",20.0,20191118,19.85,20.0,12.58,0.15,2885,元大金,19.95
32,"1,851","11,990,879","237,903,010",19.85,20191115,19.65,20.0,12.48,0.05,2885,元大金,19.65
33,"1,781","11,022,431","218,076,746",19.8,20191114,19.65,19.9,12.45,0.0,2885,元大金,19.75
34,"3,075","12,268,444","243,308,546",19.8,20191113,19.75,19.9,12.45,0.1,2885,元大金,19.8
35,"2,935","11,430,340","227,435,499",19.9,20191112,19.85,19.95,12.52,0.0,2885,元大金,19.95
36,"3,331","10,783,180","213,912,674",19.9,20191111,19.75,19.95,12.52,0.0,2885,元大金,19.9
37,"3,721","12,662,190","251,694,046",19.9,20191108,19.8,20.0,12.52,0.05,2885,元大金,20.0
38,"2,995","9,500,692","188,994,132",19.95,20191107,19.8,19.95,12.55,0.0,2885,元大金,19.95
39,"5,092","27,469,317","546,394,939",19.95,20191106,19.5,20.1,12.55,0.35,2885,元大金,19.65
40,"3,131","15,094,195","294,190,344",19.6,20191105,19.3,19.6,12.33,0.3,2885,元大金,19.3
41,"2,727","11,658,113","223,825,231",19.3,20191104,19.05,19.3,12.14,0.25,2885,元大金,19.05
42,"2,894","17,607,421","334,886,382",19.05,20191101,18.95,19.15,11.98,0.0,2885,元大金,19.05
43,"2,737","17,310,378","330,699,161",19.05,20191031,19.05,19.2,11.98,0.05,2885,元大金,19.1
44,"3,556","13,118,357","249,530,133",19.1,20191030,18.95,19.1,12.01,0.1,2885,元大金,19.0
45,"3,069","15,212,047","288,336,798",19.0,20191029,18.9,19.0,11.95,0.05,2885,元大金,18.95
46,"2,153","10,298,735","195,488,147",18.95,20191028,18.9,19.05,11.92,0.05,2885,元大金,19.05
47,"2,617","9,067,578","172,129,264",19.0,20191025,18.95,19.05,11.95,0.0,2885,元大金,19.05
48,"3,060","11,897,820","225,175,080",19.0,20191024,18.8,19.0,11.95,0.15,2885,元大金,18.8
49,"2,734","12,538,325","236,700,417",18.85,20191023,18.8,19.0,11.86,0.15,2885,元大金,18.9
50,"2,991","11,838,704","224,134,623",19.0,20191022,18.85,19.0,11.95,0.1,2885,元大金,18.85
51,"2,077","10,857,386","205,433,616",18.9,20191021,18.7,19.0,11.89,0.1,2885,元大金,18.8
52,"3,862","34,007,431","639,921,854",18.8,20191018,18.65,18.95,11.82,0.1,2885,元大金,18.65
53,"3,035","16,045,176","298,691,285",18.7,20191017,18.55,18.7,11.76,0.05,2885,元大金,18.65
54,"3,382","13,778,790","257,678,727",18.75,20191016,18.55,18.8,11.79,0.05,2885,元大金,18.65
55,"3,018","13,092,090","243,550,079",18.7,20191015,18.5,18.7,11.76,0.05,2885,元大金,18.6
56,"3,600","18,356,688","339,541,057",18.65,20191014,18.25,18.65,11.73,0.6,2885,元大金,18.25
57,"3,667","14,099,185","255,872,016",18.05,20191009,18.05,18.3,11.35,0.35,2885,元大金,18.25
58,"3,568","15,343,907","282,893,328",18.4,20191008,18.3,18.55,11.57,0.05,2885,元大金,18.3
59,"1,766","6,686,884","122,709,790",18.35,20191007,18.2,18.45,11.54,0.1,2885,元大金,18.25
60,"2,153","9,321,321","169,956,919",18.25,20191004,18.1,18.3,11.48,0.1,2885,元大金,18.1
61,"4,286","18,695,924","340,187,997",18.15,20191003,18.1,18.35,11.42,0.4,2885,元大金,18.3
62,"3,074","8,225,084","152,868,325",18.55,20191002,18.45,18.65,11.67,0.05,2885,元大金,18.45
63,"5,735","20,291,703","373,497,469",18.6,20191001,18.2,18.6,11.7,0.1,2885,元大金,18.2
64,"3,987","12,477,667","231,425,361",18.5,20190927,18.45,18.75,11.64,0.2,2885,元大金,18.65
65,"2,390","14,835,517","277,450,785",18.7,20190926,18.65,18.8,11.76,0.0,2885,元大金,18.7
66,"2,972","10,754,850","200,996,610",18.7,20190925,18.6,18.8,11.76,0.05,2885,元大金,18.65
67,"4,566","13,424,299","251,940,713",18.75,20190924,18.7,18.9,11.79,0.1,2885,元大金,18.85
68,"2,441","9,903,328","186,910,221",18.85,20190923,18.75,19.0,11.86,0.15,2885,元大金,18.8
69,"4,755","28,277,566","530,736,626",18.7,20190920,18.7,19.0,11.76,0.3,2885,元大金,19.0
70,"3,087","10,895,118","207,532,592",19.0,20190919,19.0,19.15,11.95,0.15,2885,元大金,19.0
71,"3,204","10,412,137","198,520,267",19.15,20190918,18.95,19.15,12.04,0.15,2885,元大金,19.1
72,"2,430","12,676,401","240,728,569",19.0,20190917,18.95,19.05,11.95,0.1,2885,元大金,19.0
73,"2,761","10,084,455","192,154,793",19.1,20190916,19.0,19.15,12.01,0.0,2885,元大金,19.1
74,"2,756","9,669,070","184,680,974",19.1,20190912,19.0,19.2,12.01,0.0,2885,元大金,19.2
75,"2,794","11,697,806","222,763,231",19.1,20190911,18.95,19.2,12.01,0.05,2885,元大金,19.2
76,"4,098","20,242,662","386,083,667",19.15,20190910,18.95,19.15,12.04,0.15,2885,元大金,19.0
77,"4,999","28,160,008","533,496,402",19.0,20190909,18.7,19.05,11.95,0.35,2885,元大金,18.7
78,"2,649","12,000,884","222,252,048",18.65,20190906,18.35,18.65,11.73,0.2,2885,元大金,18.45
79,"3,231","24,193,604","443,974,583",18.45,20190905,18.1,18.45,11.6,0.45,2885,元大金,18.15
80,"2,896","17,301,901","313,961,350",18.0,20190904,18.0,18.25,11.32,0.15,2885,元大金,18.25
81,"1,776","7,856,210","142,966,719",18.15,20190903,18.1,18.3,11.42,0.15,2885,元大金,18.25
82,"1,805","8,933,403","162,235,226",18.3,20190902,18.0,18.3,11.51,0.25,2885,元大金,18.0
83,"3,505","44,661,544","805,386,862",18.05,20190830,17.9,18.2,11.35,0.1,2885,元大金,18.1
84,"2,774","29,166,245","524,096,692",17.95,20190829,17.9,18.1,11.36,0.15,2885,元大金,18.1
85,"2,449","16,644,177","301,225,458",18.1,20190828,18.0,18.2,11.46,0.1,2885,元大金,18.15
86,"4,487","37,364,073","674,477,054",18.0,20190827,18.0,18.25,11.39,0.25,2885,元大金,18.2
87,"2,653","18,964,089","345,656,486",18.25,20190826,18.05,18.4,11.55,0.25,2885,元大金,18.15
88,"2,802","23,490,773","435,694,283",18.5,20190823,18.4,18.7,11.71,0.0,2885,元大金,18.4
89,"2,180","9,678,445","178,491,535",18.5,20190822,18.35,18.5,11.71,0.1,2885,元大金,18.45
90,"6,232","22,918,959","423,568,188",18.4,20190821,18.4,18.6,11.65,0.1,2885,元大金,18.55
91,"7,176","40,335,943","744,020,976",18.5,20190820,18.1,18.6,11.71,0.5,2885,元大金,18.1
92,"5,646","24,536,171","442,130,943",18.0,20190819,17.7,18.1,11.39,0.4,2885,元大金,17.7
93,"5,745","25,176,198","442,749,202",17.6,20190816,17.25,17.8,11.14,0.2,2885,元大金,17.4
94,"3,164","20,779,697","360,433,643",17.4,20190815,17.0,17.55,11.01,0.15,2885,元大金,17.05
95,"2,843","15,457,289","267,363,157",17.25,20190814,17.2,17.45,10.92,0.1,2885,元大金,17.25
96,"4,157","18,436,860","318,815,007",17.15,20190813,17.15,17.5,10.85,0.4,2885,元大金,17.45
97,"3,761","29,287,807","514,970,073",17.55,20190812,17.2,17.8,11.11,0.35,2885,元大金,17.2
