,成交筆數,成交股數,成交金額,收盤價,日期,最低價,最高價,本益比,漲跌價差,證券代號,證券名稱,開盤價
0,35,"52,442","1,238,728",23.65,20191231,23.60,23.65,12.19,0.00,2476,鉅祥,23.65
1,52,"67,297","1,590,071",23.65,20191230,23.55,23.75,12.19,0.1,2476,鉅祥,23.7
2,41,"58,361","1,384,919",23.75,20191227,23.65,23.8,12.24,0.05,2476,鉅祥,23.65
3,118,"207,927","4,916,871",23.8,20191226,23.55,23.8,12.27,0.05,2476,鉅祥,23.8
4,50,"53,324","1,269,477",23.85,20191225,23.75,23.9,12.29,0.05,2476,鉅祥,23.9
5,31,"32,613","777,839",23.9,20191224,23.8,23.9,12.32,0.0,2476,鉅祥,23.9
6,31,"37,359","892,775",23.9,20191223,23.85,23.95,12.32,0.05,2476,鉅祥,23.9
7,39,"37,558","894,651",23.85,20191220,23.75,23.9,12.29,0.1,2476,鉅祥,23.9
8,41,"90,138","2,160,531",23.95,20191219,23.8,24.0,12.35,0.05,2476,鉅祥,23.9
9,81,"105,854","2,528,329",23.9,20191218,23.75,23.95,12.32,0.05,2476,鉅祥,23.9
10,175,"362,424","8,707,752",23.95,20191217,23.9,24.2,12.35,0.25,2476,鉅祥,23.95
11,62,"86,309","2,037,723",23.7,20191216,23.45,23.7,12.22,0.25,2476,鉅祥,23.45
12,47,"53,607","1,257,290",23.45,20191213,23.4,23.5,12.09,0.0,2476,鉅祥,23.45
13,37,"50,442","1,186,792",23.45,20191212,23.45,23.65,12.09,0.1,2476,鉅祥,23.65
14,45,"56,100","1,319,388",23.55,20191211,23.5,23.65,12.14,0.05,2476,鉅祥,23.65
15,34,"44,903","1,055,724",23.6,20191210,23.4,23.6,12.16,0.1,2476,鉅祥,23.5
16,30,"33,545","789,302",23.5,20191209,23.5,23.7,12.11,0.1,2476,鉅祥,23.7
17,32,"37,381","881,053",23.6,20191206,23.55,23.6,12.16,0.0,2476,鉅祥,23.55
18,20,"19,514","459,191",23.6,20191205,23.55,23.65,12.16,0.0,2476,鉅祥,23.65
19,25,"24,150","569,296",23.6,20191204,23.5,23.7,12.16,0.05,2476,鉅祥,23.55
20,29,"32,145","758,485",23.65,20191203,23.5,23.7,12.19,0.05,2476,鉅祥,23.6
21,43,"60,406","1,424,681",23.6,20191202,23.5,23.65,12.16,0.05,2476,鉅祥,23.6
22,53,"1,826,362","43,008,588",23.55,20191129,23.45,23.65,12.14,0.0,2476,鉅祥,23.65
23,35,"60,200","1,419,459",23.55,20191128,23.5,23.75,12.14,0.0,2476,鉅祥,23.7
24,41,"73,698","1,736,115",23.55,20191127,23.5,23.6,12.14,0.05,2476,鉅祥,23.55
25,55,"89,358","2,102,324",23.5,20191126,23.5,23.65,12.11,0.15,2476,鉅祥,23.65
26,60,"130,710","3,078,039",23.65,20191125,23.45,23.65,12.19,0.0,2476,鉅祥,23.55
27,74,"191,694","4,509,642",23.65,20191122,23.45,23.65,12.19,0.05,2476,鉅祥,23.6
28,38,"60,053","1,416,750",23.7,20191121,23.55,23.7,12.22,0.05,2476,鉅祥,23.7
29,64,"84,051","1,989,103",23.75,20191120,23.55,23.8,12.24,0.1,2476,鉅祥,23.6
30,31,"44,283","1,046,400",23.65,20191119,23.6,23.75,12.19,0.05,2476,鉅祥,23.65
31,76,"116,453","2,752,140",23.7,20191118,23.55,23.7,12.22,0.05,2476,鉅祥,23.65
32,52,"88,052","2,092,329",23.65,20191115,23.65,23.8,12.19,0.1,2476,鉅祥,23.8
33,92,"142,713","3,395,576",23.75,20191114,23.6,23.85,12.24,0.15,2476,鉅祥,23.7
34,84,"144,863","3,426,916",23.6,20191113,23.5,23.8,12.16,0.0,2476,鉅祥,23.75
35,77,"97,619","2,301,996",23.6,20191112,23.45,23.75,12.16,0.0,2476,鉅祥,23.6
36,53,"99,333","2,345,924",23.6,20191111,23.5,23.7,12.16,0.05,2476,鉅祥,23.65
37,58,"74,406","1,757,630",23.65,20191108,23.55,23.75,12.19,0.0,2476,鉅祥,23.75
38,38,"55,422","1,310,487",23.65,20191107,23.5,23.7,12.19,0.05,2476,鉅祥,23.7
39,53,"76,300","1,798,790",23.7,20191106,23.45,23.7,11.73,0.0,2476,鉅祥,23.55
40,47,"92,764","2,181,128",23.7,20191105,23.45,23.7,11.73,0.2,2476,鉅祥,23.5
41,85,"112,462","2,645,798",23.5,20191104,23.45,23.7,11.63,0.15,2476,鉅祥,23.65
42,28,"25,601","601,532",23.65,20191101,23.35,23.7,11.71,0.2,2476,鉅祥,23.35
43,27,"31,200","733,340",23.45,20191031,23.45,23.55,11.61,0.0,2476,鉅祥,23.55
44,94,"142,320","3,347,501",23.45,20191030,23.4,23.75,11.61,0.25,2476,鉅祥,23.75
45,98,"165,310","3,898,531",23.7,20191029,23.4,23.8,11.73,0.0,2476,鉅祥,23.8
46,38,"47,598","1,124,762",23.7,20191028,23.6,23.7,11.73,0.0,2476,鉅祥,23.7
47,22,"22,329","530,647",23.7,20191025,23.7,23.8,11.73,0.0,2476,鉅祥,23.75
48,25,"44,281","1,050,723",23.7,20191024,23.7,23.8,11.73,0.1,2476,鉅祥,23.7
49,52,"63,204","1,497,755",23.6,20191023,23.6,23.8,11.68,0.3,2476,鉅祥,23.8
50,32,"39,339","936,168",23.9,20191022,23.7,23.9,11.83,0.0,2476,鉅祥,23.9
51,16,"22,400","533,609",23.9,20191021,23.75,23.9,11.83,0.1,2476,鉅祥,23.9
52,47,"75,625","1,807,424",23.8,20191018,23.75,24.0,11.78,0.15,2476,鉅祥,23.75
53,44,"82,780","1,949,995",23.65,20191017,23.5,23.7,11.71,0.05,2476,鉅祥,23.7
54,73,"80,319","1,911,207",23.7,20191016,23.7,23.9,11.73,0.05,2476,鉅祥,23.75
55,20,"18,081","427,618",23.65,20191015,23.6,23.8,11.71,0.05,2476,鉅祥,23.6
56,61,"75,758","1,793,849",23.7,20191014,23.6,23.85,11.73,0.0,2476,鉅祥,23.7
57,44,"50,600","1,202,549",23.7,20191009,23.7,23.95,11.73,0.1,2476,鉅祥,23.85
58,40,"44,221","1,053,474",23.8,20191008,23.75,23.9,11.78,0.1,2476,鉅祥,23.85
59,60,"90,337","2,159,320",23.9,20191007,23.85,24.0,11.83,0.1,2476,鉅祥,24.0
60,59,"97,439","2,332,441",24.0,20191004,23.8,24.0,11.88,0.05,2476,鉅祥,23.95
61,30,"41,685","999,655",24.05,20191003,23.85,24.1,11.91,0.05,2476,鉅祥,23.85
62,26,"46,211","1,108,592",24.0,20191002,23.95,24.05,11.88,0.0,2476,鉅祥,24.0
63,47,"84,230","2,021,570",24.0,20191001,23.8,24.05,11.88,0.0,2476,鉅祥,24.0
64,83,"141,455","3,393,470",24.0,20190927,23.85,24.15,11.88,0.15,2476,鉅祥,24.15
65,87,"190,474","4,585,276",24.15,20190926,24.0,24.2,11.96,0.1,2476,鉅祥,24.2
66,42,"83,200","2,010,479",24.05,20190925,24.05,24.25,11.91,0.15,2476,鉅祥,24.25
67,45,"72,935","1,762,240",24.2,20190924,24.1,24.2,11.98,0.0,2476,鉅祥,24.1
68,42,"93,615","2,254,910",24.2,20190923,24.05,24.2,11.98,0.05,2476,鉅祥,24.2
69,51,"112,238","2,712,595",24.15,20190920,24.1,24.4,11.96,0.0,2476,鉅祥,24.2
70,71,"143,100","3,453,405",24.15,20190919,24.05,24.2,11.96,0.05,2476,鉅祥,24.2
71,156,"243,721","5,888,366",24.1,20190918,24.0,24.3,11.93,0.0,2476,鉅祥,24.1
72,66,"107,661","2,595,814",24.1,20190917,24.05,24.2,11.93,0.1,2476,鉅祥,24.2
73,89,"146,078","3,518,972",24.2,20190916,23.9,24.2,11.98,0.0,2476,鉅祥,24.2
74,110,"224,695","5,410,260",24.2,20190912,23.95,24.2,11.98,0.05,2476,鉅祥,24.2
75,91,"154,769","3,725,132",24.15,20190911,23.95,24.25,11.96,0.05,2476,鉅祥,24.15
76,96,"182,400","4,397,569",24.1,20190910,23.95,24.2,11.93,0.05,2476,鉅祥,24.05
77,42,"63,589","1,524,568",24.05,20190909,23.9,24.05,11.91,0.05,2476,鉅祥,23.95
78,124,"179,483","4,297,142",24.0,20190906,23.8,24.0,11.88,0.3,2476,鉅祥,23.9
79,87,"168,451","4,016,810",23.7,20190905,23.65,24.0,11.73,0.0,2476,鉅祥,23.7
80,68,"80,917","1,908,230",23.7,20190904,23.5,23.7,11.73,0.2,2476,鉅祥,23.5
81,31,"42,568","1,002,503",23.5,20190903,23.45,23.65,11.63,0.0,2476,鉅祥,23.5
82,28,"37,069","868,913",23.5,20190902,23.4,23.7,11.63,0.1,2476,鉅祥,23.7
83,30,"59,200","1,381,620",23.4,20190830,23.3,23.4,11.58,0.05,2476,鉅祥,23.35
84,32,"63,206","1,468,970",23.35,20190829,23.2,23.35,11.56,0.05,2476,鉅祥,23.3
85,29,"45,634","1,063,620",23.3,20190828,23.25,23.45,11.53,0.15,2476,鉅祥,23.45
86,45,"59,782","1,395,885",23.45,20190827,23.25,23.8,11.61,0.1,2476,鉅祥,23.8
87,33,"42,069","976,214",23.35,20190826,23.15,23.35,11.56,0.1,2476,鉅祥,23.15
88,51,"78,538","1,829,918",23.45,20190823,23.2,23.45,11.61,0.0,2476,鉅祥,23.45
89,45,"67,250","1,572,325",23.45,20190822,23.25,23.5,11.61,0.15,2476,鉅祥,23.4
90,87,"109,220","2,538,520",23.3,20190821,23.1,23.35,11.53,0.1,2476,鉅祥,23.2
91,37,"41,400","960,208",23.2,20190820,23.1,23.3,11.49,0.0,2476,鉅祥,23.2
92,67,"86,002","1,991,346",23.2,20190819,23.05,23.3,11.49,0.15,2476,鉅祥,23.3
93,34,"36,463","845,180",23.35,20190816,22.95,23.35,11.56,0.45,2476,鉅祥,22.95
94,26,"27,199","624,437",22.9,20190815,22.9,23.1,11.34,0.2,2476,鉅祥,23.0
95,76,"91,493","2,116,762",23.1,20190814,23.0,23.35,11.44,0.15,2476,鉅祥,23.25
96,35,"64,250","1,485,761",23.25,20190813,23.0,23.25,11.51,0.0,2476,鉅祥,23.1
97,44,"72,352","1,665,583",23.25,20190812,22.9,23.3,11.51,0.0,2476,鉅祥,23.3
