,成交筆數,成交股數,成交金額,收盤價,日期,最低價,最高價,本益比,漲跌價差,證券代號,證券名稱,開盤價
0,"7,313","11,651,482","327,388,596",28.00,20191231,27.65,28.45,25.69,0.30,2419,仲琦,28.30
1,"7,826","11,813,162","341,468,635",28.3,20191230,28.25,29.45,25.96,0.75,2419,仲琦,29.35
2,"14,398","23,169,112","667,393,548",29.05,20191227,28.5,29.25,26.65,0.95,2419,仲琦,28.5
3,"3,316","5,992,146","168,253,320",28.1,20191226,28.0,28.2,25.78,0.15,2419,仲琦,28.0
4,"3,221","6,104,316","170,948,580",27.95,20191225,27.9,28.1,25.64,0.1,2419,仲琦,28.05
5,"3,295","6,487,487","182,239,736",28.05,20191224,27.9,28.3,25.73,0.15,2419,仲琦,28.25
6,"6,265","13,528,684","380,664,046",28.2,20191223,27.75,28.45,25.87,0.65,2419,仲琦,27.8
7,"6,030","12,522,648","345,218,501",27.55,20191220,27.3,27.95,25.28,0.15,2419,仲琦,27.85
8,"7,094","17,078,569","477,261,341",27.7,20191219,27.7,28.15,25.41,0.2,2419,仲琦,28.1
9,"20,026","48,288,598","1,355,110,263",27.9,20191218,27.5,28.4,25.6,0.55,2419,仲琦,28.3
10,739,"1,462,348","39,995,112",27.35,20191217,27.35,27.35,25.09,2.45,2419,仲琦,27.35
11,905,"3,108,618","77,404,537",24.9,20191216,24.9,24.9,22.84,2.25,2419,仲琦,24.9
12,944,"1,983,508","44,926,398",22.65,20191213,22.65,22.65,20.78,2.05,2419,仲琦,22.65
13,555,"1,641,279","33,624,960",20.6,20191212,20.35,20.6,18.9,0.25,2419,仲琦,20.35
14,529,"1,628,396","33,203,130",20.35,20191211,20.25,20.5,18.67,0.15,2419,仲琦,20.4
15,608,"1,475,499","30,083,822",20.5,20191210,20.2,20.5,18.81,0.3,2419,仲琦,20.2
16,"1,284","3,358,141","68,359,375",20.2,20191209,20.05,20.7,18.53,0.45,2419,仲琦,20.05
17,537,"1,473,181","29,190,937",19.75,20191206,19.65,20.0,18.12,0.1,2419,仲琦,19.85
18,509,"1,159,616","22,913,459",19.85,20191205,19.55,19.85,18.21,0.35,2419,仲琦,19.6
19,425,"871,197","16,929,278",19.5,20191204,19.3,19.55,17.89,0.15,2419,仲琦,19.4
20,418,"823,707","15,854,369",19.35,20191203,19.05,19.4,17.75,0.3,2419,仲琦,19.1
21,179,"403,458","7,679,477",19.05,20191202,18.8,19.15,17.48,0.1,2419,仲琦,18.8
22,117,"202,888","3,850,123",18.95,20191129,18.95,19.05,17.39,0.05,2419,仲琦,19.0
23,148,"230,645","4,385,914",19.0,20191128,18.95,19.1,17.43,0.05,2419,仲琦,19.05
24,184,"367,652","6,972,202",18.95,20191127,18.85,19.1,17.39,0.1,2419,仲琦,19.1
25,154,"312,297","5,944,226",19.05,20191126,18.9,19.1,17.48,0.1,2419,仲琦,19.0
26,135,"317,948","6,044,763",18.95,20191125,18.95,19.1,17.39,0.1,2419,仲琦,19.0
27,125,"188,538","3,572,265",19.05,20191122,18.85,19.05,17.48,0.15,2419,仲琦,19.0
28,119,"236,041","4,464,466",18.9,20191121,18.8,19.0,17.34,0.1,2419,仲琦,18.9
29,117,"236,829","4,486,860",19.0,20191120,18.85,19.05,17.43,0.1,2419,仲琦,19.05
30,192,"301,329","5,745,501",19.1,20191119,18.9,19.15,17.52,0.1,2419,仲琦,19.05
31,409,"735,951","13,909,068",19.0,20191118,18.7,19.0,17.43,0.4,2419,仲琦,18.7
32,170,"397,983","7,396,227",18.6,20191115,18.5,18.7,17.06,0.15,2419,仲琦,18.6
33,143,"287,001","5,311,666",18.45,20191114,18.45,18.6,16.93,0.05,2419,仲琦,18.5
34,142,"245,809","4,534,122",18.5,20191113,18.3,18.5,18.88,0.2,2419,仲琦,18.3
35,132,"333,956","6,102,245",18.3,20191112,18.2,18.3,18.67,0.0,2419,仲琦,18.3
36,136,"397,498","7,302,710",18.3,20191111,18.3,18.55,18.67,0.25,2419,仲琦,18.55
37,148,"464,469","8,589,625",18.55,20191108,18.35,18.6,18.93,0.05,2419,仲琦,18.5
38,112,"198,232","3,662,570",18.5,20191107,18.4,18.6,18.88,0.0,2419,仲琦,18.4
39,139,"269,979","4,986,352",18.5,20191106,18.4,18.55,18.88,0.1,2419,仲琦,18.5
40,245,"482,967","8,892,483",18.4,20191105,18.3,18.6,18.78,0.1,2419,仲琦,18.6
41,262,"529,125","9,837,158",18.5,20191104,18.5,18.75,18.88,0.15,2419,仲琦,18.75
42,226,"545,973","10,179,593",18.65,20191101,18.6,18.75,19.03,0.2,2419,仲琦,18.6
43,146,"299,122","5,535,890",18.45,20191031,18.45,18.6,18.83,0.15,2419,仲琦,18.55
44,126,"280,869","5,216,865",18.6,20191030,18.45,18.65,18.98,0.0,2419,仲琦,18.6
45,263,"513,598","9,570,484",18.6,20191029,18.55,18.7,18.98,0.05,2419,仲琦,18.65
46,172,"334,959","6,202,128",18.55,20191028,18.35,18.7,18.93,0.0,2419,仲琦,18.6
47,238,"371,835","6,900,546",18.55,20191025,18.45,18.6,18.93,0.1,2419,仲琦,18.5
48,158,"248,159","4,584,178",18.45,20191024,18.45,18.55,18.83,0.0,2419,仲琦,18.55
49,185,"274,234","5,073,407",18.45,20191023,18.4,18.6,18.83,0.05,2419,仲琦,18.6
50,147,"212,619","3,924,432",18.5,20191022,18.4,18.6,18.88,0.1,2419,仲琦,18.6
51,190,"377,507","6,906,573",18.4,20191021,18.15,18.45,18.78,0.0,2419,仲琦,18.4
52,165,"284,709","5,233,816",18.4,20191018,18.35,18.55,18.78,0.05,2419,仲琦,18.55
53,238,"475,959","8,770,240",18.35,20191017,18.35,18.6,18.72,0.05,2419,仲琦,18.45
54,385,"702,606","12,946,533",18.3,20191016,18.25,18.65,18.67,0.25,2419,仲琦,18.6
55,346,"528,706","9,819,786",18.55,20191015,18.5,18.8,18.93,0.05,2419,仲琦,18.8
56,442,"722,344","13,539,089",18.6,20191014,18.6,19.0,18.98,0.3,2419,仲琦,19.0
57,219,"412,818","7,808,654",18.9,20191009,18.85,19.1,19.29,0.15,2419,仲琦,18.95
58,124,"247,252","4,707,821",19.05,20191008,18.95,19.15,19.44,0.0,2419,仲琦,19.05
59,78,"108,872","2,072,323",19.05,20191007,18.95,19.2,19.44,0.1,2419,仲琦,19.2
60,147,"242,927","4,604,815",18.95,20191004,18.85,19.25,19.34,0.0,2419,仲琦,19.25
61,158,"242,405","4,592,781",18.95,20191003,18.85,19.1,19.34,0.05,2419,仲琦,18.9
62,197,"325,097","6,178,683",19.0,20191002,18.95,19.1,19.39,0.1,2419,仲琦,19.1
63,158,"482,931","9,213,539",19.1,20191001,19.0,19.3,19.49,0.0,2419,仲琦,19.3
64,229,"585,610","11,208,166",19.1,20190927,19.05,19.45,19.49,0.15,2419,仲琦,19.45
65,155,"272,329","5,260,111",19.25,20190926,19.2,19.5,19.64,0.05,2419,仲琦,19.3
66,179,"412,442","7,953,987",19.2,20190925,19.2,19.5,19.59,0.2,2419,仲琦,19.45
67,213,"393,714","7,647,548",19.4,20190924,19.3,19.5,19.8,0.15,2419,仲琦,19.3
68,111,"204,920","3,938,960",19.25,20190923,19.2,19.3,19.64,0.0,2419,仲琦,19.25
69,137,"232,308","4,469,809",19.25,20190920,19.15,19.4,19.64,0.1,2419,仲琦,19.35
70,281,"463,563","8,962,282",19.35,20190919,19.2,19.6,19.74,0.15,2419,仲琦,19.5
71,289,"409,536","7,964,492",19.5,20190918,19.35,19.55,19.9,0.05,2419,仲琦,19.5
72,268,"898,146","17,587,331",19.45,20190917,19.4,19.7,19.85,0.05,2419,仲琦,19.5
73,192,"376,964","7,321,454",19.4,20190916,19.25,19.55,19.8,0.0,2419,仲琦,19.5
74,236,"484,908","9,401,719",19.4,20190912,19.3,19.45,19.8,0.25,2419,仲琦,19.35
75,142,"226,390","4,337,211",19.15,20190911,19.05,19.25,19.54,0.05,2419,仲琦,19.05
76,247,"427,865","8,203,165",19.1,20190910,19.1,19.4,19.49,0.25,2419,仲琦,19.4
77,230,"409,904","7,949,736",19.35,20190909,19.3,19.6,19.74,0.15,2419,仲琦,19.55
78,489,"1,180,919","23,030,825",19.5,20190906,19.3,19.6,19.9,0.25,2419,仲琦,19.35
79,218,"383,018","7,391,739",19.25,20190905,19.25,19.35,19.64,0.0,2419,仲琦,19.35
80,271,"457,766","8,778,500",19.25,20190904,19.1,19.3,19.64,0.1,2419,仲琦,19.15
81,245,"435,257","8,370,514",19.15,20190903,19.15,19.35,19.54,0.1,2419,仲琦,19.3
82,193,"270,650","5,186,557",19.25,20190902,19.0,19.25,19.64,0.25,2419,仲琦,19.05
83,261,"416,775","7,954,325",19.0,20190830,19.0,19.2,19.39,0.1,2419,仲琦,19.0
84,194,"267,646","5,074,916",18.9,20190829,18.85,19.0,19.29,0.1,2419,仲琦,19.0
85,163,"250,075","4,753,715",19.0,20190828,18.95,19.1,19.39,0.1,2419,仲琦,19.0
86,222,"345,276","6,537,735",18.9,20190827,18.75,19.05,19.29,0.3,2419,仲琦,18.95
87,329,"505,672","9,423,892",18.6,20190826,18.55,18.8,18.98,0.45,2419,仲琦,18.7
88,131,"210,240","4,014,910",19.05,20190823,19.05,19.25,19.44,0.05,2419,仲琦,19.15
89,212,"366,676","7,041,958",19.1,20190822,19.1,19.35,19.49,0.05,2419,仲琦,19.2
90,255,"460,189","8,814,452",19.15,20190821,19.05,19.3,19.54,0.1,2419,仲琦,19.1
91,208,"367,491","7,034,779",19.05,20190820,19.05,19.2,19.44,0.15,2419,仲琦,19.2
92,201,"314,641","6,035,850",19.2,20190819,19.1,19.25,19.59,0.3,2419,仲琦,19.1
93,231,"435,679","8,248,619",18.9,20190816,18.85,19.1,19.29,0.05,2419,仲琦,19.1
94,272,"451,142","8,477,725",18.85,20190815,18.6,18.9,19.23,0.15,2419,仲琦,18.6
95,250,"582,949","11,142,181",19.0,20190814,19.0,19.3,19.39,0.0,2419,仲琦,19.3
96,263,"439,081","8,354,189",19.0,20190813,18.9,19.2,19.39,0.05,2419,仲琦,19.0
97,274,"514,025","9,770,669",18.95,20190812,18.9,19.1,19.34,0.25,2419,仲琦,19.1
