,成交筆數,成交股數,成交金額,收盤價,日期,最低價,最高價,本益比,漲跌價差,證券代號,證券名稱,開盤價
0,"1,970","4,257,317","163,934,673",38.45,20191231,38.35,38.80,0.00,0.10,2498,宏達電,38.35
1,"2,435","5,117,998","196,831,209",38.35,20191230,38.3,38.8,0.0,0.15,2498,宏達電,38.7
2,"4,923","10,612,128","413,096,583",38.5,20191227,38.5,39.4,0.0,0.1,2498,宏達電,38.75
3,"4,007","8,111,156","312,386,802",38.4,20191226,38.2,39.3,0.0,0.5,2498,宏達電,38.95
4,"3,670","7,558,503","295,922,000",38.9,20191225,38.85,39.6,0.0,0.15,2498,宏達電,38.9
5,"4,936","10,176,456","396,802,048",38.75,20191224,38.75,39.35,0.0,0.45,2498,宏達電,39.2
6,"14,723","32,140,560","1,280,017,242",39.2,20191223,39.15,40.7,0.0,0.2,2498,宏達電,39.25
7,"9,165","19,743,815","769,690,085",39.0,20191220,38.3,39.4,0.0,0.5,2498,宏達電,38.5
8,"5,766","11,432,214","437,909,882",38.5,20191219,37.85,38.7,0.0,0.4,2498,宏達電,38.1
9,"13,707","27,910,334","1,080,193,967",38.1,20191218,37.6,39.55,0.0,0.1,2498,宏達電,37.75
10,"14,436","31,730,515","1,218,859,346",38.0,20191217,38.0,39.1,0.0,1.1,2498,宏達電,39.1
11,"18,441","39,344,939","1,498,125,488",39.1,20191216,36.0,39.1,0.0,3.55,2498,宏達電,36.0
12,"3,663","6,916,476","247,582,380",35.55,20191213,35.5,36.4,0.0,0.85,2498,宏達電,36.25
13,"8,851","18,582,519","683,246,752",36.4,20191212,36.1,37.5,0.0,0.7,2498,宏達電,36.1
14,"1,616","3,248,583","116,133,853",35.7,20191211,35.5,35.85,0.0,0.25,2498,宏達電,35.5
15,"1,595","3,310,270","117,654,979",35.45,20191210,35.1,35.85,0.0,0.35,2498,宏達電,35.1
16,"1,897","4,001,117","140,338,853",35.1,20191209,34.95,35.25,0.0,0.4,2498,宏達電,35.0
17,"1,642","3,264,044","116,627,659",35.5,20191206,35.5,36.0,0.0,0.35,2498,宏達電,35.95
18,"2,351","4,755,428","169,558,826",35.85,20191205,35.2,35.95,0.0,0.7,2498,宏達電,35.2
19,"1,200","2,108,582","74,141,501",35.15,20191204,35.05,35.45,0.0,0.3,2498,宏達電,35.45
20,"1,038","2,065,465","72,730,225",35.45,20191203,35.1,35.45,0.0,0.05,2498,宏達電,35.1
21,"1,765","3,987,735","140,705,497",35.4,20191202,34.95,35.45,0.0,0.35,2498,宏達電,35.3
22,"1,542","3,408,552","120,009,898",35.05,20191129,35.0,35.55,0.0,0.3,2498,宏達電,35.35
23,"1,778","3,431,718","121,786,409",35.35,20191128,35.3,35.9,0.0,0.55,2498,宏達電,35.85
24,"3,899","7,941,805","285,885,330",35.9,20191127,35.65,36.3,0.0,0.7,2498,宏達電,35.65
25,"1,206","2,528,030","89,142,103",35.2,20191126,35.1,35.45,0.0,0.2,2498,宏達電,35.3
26,"1,379","2,513,055","88,276,079",35.0,20191125,34.95,35.4,0.0,0.15,2498,宏達電,35.0
27,"1,284","2,441,089","85,211,986",34.85,20191122,34.75,35.15,0.0,0.1,2498,宏達電,34.85
28,"1,337","2,631,481","91,050,980",34.75,20191121,34.4,34.75,0.0,0.0,2498,宏達電,34.7
29,"1,781","3,249,783","112,951,959",34.75,20191120,34.65,35.2,0.0,0.35,2498,宏達電,35.15
30,"1,502","2,797,693","98,265,387",35.1,20191119,35.0,35.5,0.0,0.4,2498,宏達電,35.5
31,"1,759","3,239,596","114,434,136",35.5,20191118,34.95,35.5,0.0,0.65,2498,宏達電,35.0
32,"1,707","3,141,512","109,562,818",34.85,20191115,34.55,35.1,0.0,0.5,2498,宏達電,34.55
33,"3,154","6,321,472","217,296,492",34.35,20191114,34.05,35.25,0.0,0.6,2498,宏達電,35.25
34,"1,667","2,953,694","103,277,602",34.95,20191113,34.75,35.2,0.0,0.1,2498,宏達電,35.05
35,"1,905","3,904,088","136,332,382",35.05,20191112,34.7,35.2,0.0,0.4,2498,宏達電,34.8
36,"3,228","6,702,966","234,176,010",34.65,20191111,34.6,35.4,0.0,1.1,2498,宏達電,35.1
37,"1,980","3,580,291","128,156,064",35.75,20191108,35.65,36.1,0.0,0.35,2498,宏達電,36.0
38,"4,787","9,844,932","352,682,023",36.1,20191107,35.5,36.25,0.0,0.8,2498,宏達電,35.9
39,"1,977","3,805,207","141,150,820",36.9,20191106,36.85,37.6,0.0,0.6,2498,宏達電,37.5
40,"2,016","4,177,729","157,328,680",37.5,20191105,37.4,37.9,0.0,0.2,2498,宏達電,37.4
41,"1,697","3,674,530","137,255,160",37.3,20191104,37.15,37.65,0.0,0.0,2498,宏達電,37.45
42,"1,642","3,110,440","115,355,019",37.3,20191101,36.7,37.35,0.0,0.5,2498,宏達電,36.8
43,"3,106","6,323,467","234,461,644",36.8,20191031,36.7,37.9,0.0,0.7,2498,宏達電,37.6
44,"2,162","4,630,179","174,911,941",37.5,20191030,37.5,38.2,0.0,0.0,2498,宏達電,37.6
45,"2,768","5,498,748","207,664,572",37.5,20191029,37.4,38.35,0.0,0.4,2498,宏達電,38.15
46,"3,336","7,101,844","272,158,222",37.9,20191028,37.9,39.05,0.0,0.85,2498,宏達電,39.05
47,"3,502","7,549,628","293,537,274",38.75,20191025,38.5,39.5,0.0,0.5,2498,宏達電,39.5
48,"4,288","8,785,266","342,900,498",39.25,20191024,38.65,39.45,0.0,0.75,2498,宏達電,39.0
49,"5,003","10,309,632","398,702,827",38.5,20191023,38.05,39.2,0.0,0.5,2498,宏達電,38.05
50,"1,998","4,069,416","155,676,008",38.0,20191022,37.95,38.6,0.0,0.1,2498,宏達電,38.55
51,"1,559","3,047,772","115,830,186",38.1,20191021,37.7,38.25,0.0,0.2,2498,宏達電,37.95
52,"2,570","5,561,398","212,491,624",37.9,20191018,37.8,38.65,0.0,0.2,2498,宏達電,38.15
53,"2,058","3,958,812","150,022,877",38.1,20191017,37.35,38.2,0.0,0.6,2498,宏達電,37.5
54,"2,458","4,438,529","167,825,433",37.5,20191016,37.5,38.35,0.0,0.45,2498,宏達電,38.2
55,"3,081","6,319,108","242,170,287",37.95,20191015,37.9,38.8,0.0,0.3,2498,宏達電,38.35
56,"3,449","7,082,028","270,946,555",38.25,20191014,37.85,38.55,0.0,0.55,2498,宏達電,38.2
57,"3,975","8,516,754","324,258,052",37.7,20191009,37.7,38.6,0.0,0.55,2498,宏達電,38.3
58,"5,120","9,740,884","369,873,952",38.25,20191008,37.4,38.4,0.0,0.75,2498,宏達電,37.85
59,"3,804","7,608,822","286,769,798",37.5,20191007,37.35,38.3,0.0,0.65,2498,宏達電,37.7
60,"4,877","9,559,056","355,257,470",36.85,20191004,36.7,37.8,0.0,0.4,2498,宏達電,37.25
61,"1,644","2,991,738","107,988,334",36.45,20191003,35.5,36.45,0.0,0.4,2498,宏達電,35.85
62,"1,169","2,206,996","79,570,553",36.05,20191002,35.8,36.25,0.0,0.1,2498,宏達電,36.05
63,"2,268","4,270,866","154,193,952",36.15,20191001,35.85,36.5,0.0,0.65,2498,宏達電,36.0
64,"3,654","7,919,609","285,388,431",35.5,20190927,35.5,37.0,0.0,1.2,2498,宏達電,36.95
65,"2,008","3,659,487","134,978,935",36.7,20190926,36.65,37.25,0.0,0.05,2498,宏達電,37.0
66,"2,780","5,459,021","201,877,416",36.65,20190925,36.6,37.45,0.0,0.95,2498,宏達電,37.35
67,"1,722","3,126,888","118,278,171",37.6,20190924,37.55,38.15,0.0,0.05,2498,宏達電,37.9
68,"2,086","3,495,889","132,510,158",37.65,20190923,37.65,38.25,0.0,0.05,2498,宏達電,38.0
69,"3,372","6,580,533","248,515,289",37.7,20190920,37.3,38.15,0.0,0.2,2498,宏達電,37.6
70,"6,069","11,774,508","445,821,510",37.5,20190919,37.5,38.85,0.0,1.05,2498,宏達電,38.6
71,"13,426","25,855,774","999,634,211",38.55,20190918,37.05,39.9,0.0,1.9,2498,宏達電,37.15
72,"2,514","4,649,547","172,574,876",36.65,20190917,36.65,37.65,0.0,0.45,2498,宏達電,37.2
73,"1,810","3,410,747","125,742,583",37.1,20190916,36.55,37.2,0.0,0.05,2498,宏達電,37.2
74,"3,016","5,743,752","213,193,169",37.05,20190912,36.8,37.9,0.0,0.2,2498,宏達電,37.6
75,"4,215","8,466,819","311,065,296",37.25,20190911,36.0,37.5,0.0,1.4,2498,宏達電,36.05
76,"2,647","4,924,330","178,280,380",35.85,20190910,35.8,36.9,0.0,0.9,2498,宏達電,36.6
77,"3,501","6,590,214","242,662,220",36.75,20190909,36.4,37.25,0.0,0.55,2498,宏達電,36.55
78,"3,031","5,740,008","206,892,535",36.2,20190906,35.5,36.45,0.0,0.7,2498,宏達電,35.85
79,"2,244","4,309,756","153,559,132",35.5,20190905,35.4,35.95,0.0,0.25,2498,宏達電,35.55
80,"1,993","3,653,621","128,332,495",35.25,20190904,34.65,35.35,0.0,0.5,2498,宏達電,34.65
81,"1,265","2,395,104","83,715,915",34.75,20190903,34.7,35.35,0.0,0.15,2498,宏達電,35.35
82,"1,665","3,166,589","109,483,665",34.9,20190902,34.3,34.9,0.0,0.15,2498,宏達電,34.6
83,"2,245","4,510,858","157,811,530",34.75,20190830,34.7,35.35,0.0,0.15,2498,宏達電,34.9
84,"1,298","2,281,676","79,387,591",34.6,20190829,34.6,35.1,0.0,0.15,2498,宏達電,35.0
85,"1,690","3,194,536","111,001,388",34.75,20190828,34.55,34.95,0.0,0.35,2498,宏達電,34.65
86,"2,690","5,302,260","183,521,067",34.4,20190827,34.2,35.0,0.0,0.55,2498,宏達電,34.2
87,"1,483","2,998,204","100,891,844",33.85,20190826,33.4,33.95,0.0,0.25,2498,宏達電,33.4
88,"1,240","2,513,859","85,865,771",34.1,20190823,33.9,34.4,0.0,0.05,2498,宏達電,34.2
89,"1,264","2,404,113","82,049,984",34.05,20190822,33.95,34.45,0.0,0.1,2498,宏達電,34.4
90,"1,463","2,904,089","98,838,175",33.95,20190821,33.8,34.2,0.0,0.2,2498,宏達電,33.95
91,"1,661","2,910,080","98,789,752",33.75,20190820,33.75,34.3,0.0,0.2,2498,宏達電,34.0
92,"1,832","3,697,982","125,668,838",33.95,20190819,33.75,34.2,0.0,0.0,2498,宏達電,34.05
93,"3,161","6,441,500","219,735,160",34.2,20190816,33.8,34.35,0.0,0.5,2498,宏達電,33.95
94,"3,028","6,298,068","210,822,091",33.7,20190815,32.6,34.45,0.0,0.45,2498,宏達電,32.9
95,"3,625","6,907,072","230,355,431",33.25,20190814,33.1,33.8,0.0,0.6,2498,宏達電,33.1
96,"3,848","7,550,432","246,670,814",32.65,20190813,32.35,33.1,0.0,0.6,2498,宏達電,32.8
97,"3,443","6,721,671","221,278,273",33.25,20190812,32.55,33.3,0.0,0.4,2498,宏達電,32.9
