,成交筆數,成交股數,成交金額,收盤價,日期,最低價,最高價,本益比,漲跌價差,證券代號,證券名稱,開盤價
0,971,"3,070,246","69,884,985",22.70,20191231,22.70,22.85,19.40,0.10,2801,彰銀,22.80
1,811,"3,670,577","83,889,922",22.8,20191230,22.8,23.0,19.49,0.1,2801,彰銀,22.9
2,743,"2,457,911","56,362,088",22.9,20191227,22.9,23.0,19.57,0.0,2801,彰銀,22.9
3,411,"1,052,213","24,116,013",22.9,20191226,22.9,22.95,19.57,0.05,2801,彰銀,22.95
4,830,"1,305,549","29,919,805",22.95,20191225,22.85,23.0,19.62,0.0,2801,彰銀,22.9
5,819,"3,039,090","69,836,246",22.95,20191224,22.85,23.05,19.62,0.05,2801,彰銀,22.9
6,"1,167","3,372,170","77,406,049",23.0,20191223,22.8,23.0,19.66,0.25,2801,彰銀,22.8
7,"1,246","10,984,645","250,376,438",22.75,20191220,22.75,22.95,19.44,0.15,2801,彰銀,22.85
8,"1,134","4,573,500","104,421,179",22.9,20191219,22.75,22.9,19.57,0.0,2801,彰銀,22.85
9,"2,043","8,546,242","194,813,972",22.9,20191218,22.6,22.9,19.57,0.2,2801,彰銀,22.65
10,"2,022","6,594,007","149,198,950",22.7,20191217,22.55,22.7,19.4,0.15,2801,彰銀,22.55
11,"1,606","4,620,147","104,500,691",22.55,20191216,22.55,22.75,19.27,0.0,2801,彰銀,22.55
12,"1,850","6,017,350","136,066,986",22.55,20191213,22.55,22.7,19.27,0.05,2801,彰銀,22.65
13,"1,955","5,933,978","133,918,046",22.6,20191212,22.35,22.7,19.32,0.1,2801,彰銀,22.35
14,"1,815","8,228,049","185,386,545",22.5,20191211,22.45,22.75,19.23,0.15,2801,彰銀,22.75
15,"1,153","3,682,406","83,444,111",22.65,20191210,22.6,22.75,19.36,0.15,2801,彰銀,22.75
16,795,"2,951,721","67,099,579",22.8,20191209,22.7,22.8,19.49,0.05,2801,彰銀,22.7
17,"1,564","4,666,295","106,225,176",22.75,20191206,22.7,22.8,19.44,0.05,2801,彰銀,22.75
18,837,"5,468,940","124,886,495",22.8,20191205,22.8,22.9,19.49,0.05,2801,彰銀,22.85
19,"1,422","5,154,693","117,785,376",22.85,20191204,22.8,22.9,19.53,0.05,2801,彰銀,22.9
20,"1,375","4,408,902","100,898,632",22.9,20191203,22.85,22.95,19.57,0.0,2801,彰銀,22.9
21,750,"2,570,235","58,847,865",22.9,20191202,22.85,23.0,19.57,0.05,2801,彰銀,22.95
22,"1,032","3,791,860","86,965,375",22.95,20191129,22.9,22.95,19.62,0.05,2801,彰銀,22.9
23,"1,291","2,513,184","57,716,867",23.0,20191128,22.9,23.0,19.66,0.1,2801,彰銀,22.95
24,747,"2,861,999","65,549,790",22.9,20191127,22.85,23.0,19.57,0.0,2801,彰銀,23.0
25,"1,713","31,912,738","731,866,061",22.9,20191126,22.9,23.05,19.57,0.1,2801,彰銀,22.95
26,"1,047","12,940,989","297,545,507",23.0,20191125,22.9,23.0,19.66,0.05,2801,彰銀,22.95
27,"1,547","36,478,228","839,317,251",22.95,20191122,22.9,23.05,19.62,0.1,2801,彰銀,23.05
28,"1,469","36,875,278","849,160,994",23.05,20191121,22.85,23.05,19.7,0.05,2801,彰銀,22.9
29,"1,742","4,664,143","106,789,977",23.0,20191120,22.75,23.0,19.66,0.1,2801,彰銀,22.75
30,"1,413","6,705,964","153,107,403",22.9,20191119,22.7,22.9,19.57,0.1,2801,彰銀,22.75
31,850,"2,376,396","53,923,299",22.8,20191118,22.55,22.8,19.49,0.2,2801,彰銀,22.6
32,"1,101","6,089,462","137,726,201",22.6,20191115,22.55,22.75,19.32,0.05,2801,彰銀,22.75
33,"1,734","9,566,881","215,822,192",22.55,20191114,22.5,22.65,19.27,0.2,2801,彰銀,22.6
34,"1,781","9,501,772","215,692,809",22.75,20191113,22.6,22.85,18.5,0.05,2801,彰銀,22.75
35,"2,234","13,182,267","300,469,552",22.8,20191112,22.7,22.95,18.54,0.1,2801,彰銀,22.8
36,"2,059","100,214,452","2,303,643,362",22.9,20191111,22.8,23.1,18.62,0.3,2801,彰銀,23.05
37,"1,791","230,319,830","5,343,901,379",23.2,20191108,23.05,23.25,18.86,0.05,2801,彰銀,23.2
38,"2,469","12,406,809","288,202,890",23.25,20191107,23.05,23.4,18.9,0.25,2801,彰銀,23.4
39,"2,330","7,499,098","175,873,417",23.5,20191106,23.25,23.6,19.11,0.15,2801,彰銀,23.35
40,"2,742","25,962,460","605,104,833",23.35,20191105,22.95,23.45,18.98,0.2,2801,彰銀,23.4
41,"2,037","21,166,644","496,916,519",23.55,20191104,23.25,23.55,19.15,0.05,2801,彰銀,23.5
42,"4,453","57,193,685","1,342,936,884",23.5,20191101,23.15,23.65,19.11,0.25,2801,彰銀,23.6
43,"15,820","59,346,675","1,408,542,190",23.75,20191031,23.2,24.0,19.31,0.65,2801,彰銀,23.25
44,"3,762","11,400,681","262,083,671",23.1,20191030,22.7,23.1,18.78,0.35,2801,彰銀,22.85
45,"2,854","10,935,892","248,221,983",22.75,20191029,22.55,22.8,18.5,0.25,2801,彰銀,22.6
46,"3,091","8,080,614","181,060,448",22.5,20191028,22.2,22.55,18.29,0.35,2801,彰銀,22.2
47,"2,155","8,733,994","192,724,268",22.15,20191025,21.95,22.15,18.01,0.15,2801,彰銀,22.0
48,"2,798","9,174,498","201,491,279",22.0,20191024,21.85,22.0,17.89,0.1,2801,彰銀,21.9
49,"3,430","7,632,674","167,204,936",21.9,20191023,21.85,21.95,17.8,0.0,2801,彰銀,21.9
50,"2,963","9,235,844","201,859,061",21.9,20191022,21.8,21.9,17.8,0.1,2801,彰銀,21.8
51,"3,561","8,706,623","189,611,178",21.8,20191021,21.7,21.8,17.72,0.0,2801,彰銀,21.8
52,"2,524","6,179,476","134,703,214",21.8,20191018,21.75,21.85,17.72,0.05,2801,彰銀,21.85
53,"3,451","6,324,751","137,974,934",21.85,20191017,21.75,21.9,17.76,0.0,2801,彰銀,21.85
54,"1,772","6,134,784","133,825,310",21.85,20191016,21.75,21.85,17.76,0.0,2801,彰銀,21.85
55,"1,233","4,939,378","107,784,497",21.85,20191015,21.75,21.9,17.76,0.0,2801,彰銀,21.8
56,"2,072","7,095,086","154,543,232",21.85,20191014,21.65,21.85,17.76,0.25,2801,彰銀,21.65
57,"1,666","5,046,931","109,314,179",21.6,20191009,21.6,21.75,17.56,0.1,2801,彰銀,21.65
58,799,"2,948,246","63,828,352",21.7,20191008,21.5,21.7,17.64,0.15,2801,彰銀,21.5
59,816,"3,160,506","68,132,454",21.55,20191007,21.5,21.6,17.52,0.05,2801,彰銀,21.6
60,"1,979","5,650,898","122,055,018",21.6,20191004,21.5,21.7,17.56,0.0,2801,彰銀,21.55
61,"2,399","5,251,906","113,650,393",21.6,20191003,21.5,21.7,17.56,0.15,2801,彰銀,21.5
62,"1,814","4,139,002","90,074,845",21.75,20191002,21.65,21.8,17.68,0.1,2801,彰銀,21.65
63,"4,802","11,166,858","242,070,720",21.65,20191001,21.55,21.75,17.6,0.0,2801,彰銀,21.75
64,"3,487","10,161,759","220,839,150",21.65,20190927,21.6,21.85,17.6,0.1,2801,彰銀,21.75
65,"2,316","5,837,727","126,762,091",21.75,20190926,21.65,21.8,17.68,0.1,2801,彰銀,21.65
66,"2,406","7,027,063","151,662,558",21.65,20190925,21.5,21.65,17.6,0.1,2801,彰銀,21.55
67,"2,667","7,697,137","166,007,565",21.55,20190924,21.45,21.65,17.52,0.05,2801,彰銀,21.6
68,"3,980","8,384,930","182,031,470",21.6,20190923,21.5,21.9,17.56,0.1,2801,彰銀,21.7
69,"3,590","15,673,030","339,678,500",21.7,20190920,21.55,21.7,17.64,0.2,2801,彰銀,21.55
70,"3,044","8,111,086","174,737,729",21.5,20190919,21.45,21.65,17.48,0.05,2801,彰銀,21.5
71,"4,063","11,610,029","249,363,903",21.45,20190918,21.4,21.55,17.44,0.05,2801,彰銀,21.45
72,"4,355","10,543,053","224,989,393",21.4,20190917,21.15,21.45,17.4,0.2,2801,彰銀,21.2
73,"3,981","11,309,718","239,343,672",21.2,20190916,21.0,21.25,17.24,0.2,2801,彰銀,21.0
74,"2,746","8,907,860","186,773,283",21.0,20190912,20.8,21.05,17.07,0.2,2801,彰銀,20.8
75,"3,254","8,436,573","175,338,061",20.8,20190911,20.65,20.85,16.91,0.15,2801,彰銀,20.7
76,"2,112","7,265,303","149,462,130",20.65,20190910,20.45,20.65,16.79,0.2,2801,彰銀,20.45
77,"1,654","5,904,096","120,176,757",20.45,20190909,20.25,20.45,16.63,0.15,2801,彰銀,20.25
78,"1,733","6,969,695","140,983,248",20.3,20190906,20.15,20.3,16.5,0.1,2801,彰銀,20.2
79,"1,554","5,013,377","101,070,951",20.2,20190905,20.1,20.2,16.42,0.05,2801,彰銀,20.1
80,"2,523","5,125,391","103,043,470",20.15,20190904,20.05,20.15,16.38,0.1,2801,彰銀,20.1
81,"1,058","2,614,075","52,567,884",20.05,20190903,20.05,20.25,16.3,0.2,2801,彰銀,20.25
82,"1,451","2,611,444","52,734,394",20.25,20190902,20.15,20.25,16.46,0.05,2801,彰銀,20.15
83,"1,196","5,173,083","104,228,488",20.2,20190830,20.05,20.2,16.42,0.1,2801,彰銀,20.2
84,"1,532","6,371,030","127,389,400",20.1,20190829,19.9,20.1,15.95,0.0,2801,彰銀,20.1
85,"1,616","3,149,498","63,315,663",20.1,20190828,20.05,20.15,15.95,0.05,2801,彰銀,20.1
86,"1,712","11,444,986","230,297,720",20.15,20190827,20.0,20.15,15.99,0.1,2801,彰銀,20.0
87,"1,353","5,509,533","110,554,856",20.05,20190826,20.0,20.15,15.91,0.15,2801,彰銀,20.1
88,"1,318","4,936,655","99,714,549",20.2,20190823,20.15,20.25,16.03,0.0,2801,彰銀,20.2
89,"1,617","5,440,578","109,552,762",20.2,20190822,20.05,20.2,16.03,0.05,2801,彰銀,20.15
90,"1,894","5,152,513","104,027,559",20.15,20190821,20.1,20.4,15.99,0.1,2801,彰銀,20.25
91,"1,889","5,854,818","119,111,904",20.25,20190820,20.25,20.45,16.07,0.05,2801,彰銀,20.3
92,"2,306","6,292,077","126,988,889",20.3,20190819,19.95,20.35,16.11,0.25,2801,彰銀,19.95
93,"3,961","10,641,449","212,584,361",20.05,20190816,19.7,20.25,15.91,0.1,2801,彰銀,19.9
94,"1,828","5,671,109","113,263,719",19.95,20190815,19.85,20.05,15.83,0.0,2801,彰銀,19.85
95,"2,247","5,179,581","103,731,471",19.95,20190814,19.95,20.15,15.83,0.1,2801,彰銀,20.0
96,"2,172","6,496,165","130,197,100",20.05,20190813,19.95,20.15,15.91,0.0,2801,彰銀,20.1
97,"1,451","4,986,690","100,099,096",20.05,20190812,19.9,20.2,15.91,0.0,2801,彰銀,19.95
