,成交筆數,成交股數,成交金額,收盤價,日期,最低價,最高價,本益比,漲跌價差,證券代號,證券名稱,開盤價
0,83,"114,377","3,377,171",29.50,20191231,29.40,29.65,16.67,0.15,2539,櫻花建,29.65
1,17,"40,130","1,186,854",29.65,20191230,29.55,29.65,16.75,0.0,2539,櫻花建,29.55
2,53,"135,294","4,009,064",29.65,20191227,29.55,29.7,16.75,0.05,2539,櫻花建,29.6
3,23,"29,467","872,421",29.6,20191226,29.55,29.65,16.72,0.05,2539,櫻花建,29.6
4,34,"77,024","2,282,959",29.65,20191225,29.6,29.65,16.75,0.0,2539,櫻花建,29.65
5,38,"63,602","1,882,236",29.65,20191224,29.4,29.65,16.75,0.15,2539,櫻花建,29.4
6,64,"207,228","6,111,795",29.5,20191223,29.4,29.7,16.67,0.2,2539,櫻花建,29.7
7,28,"55,824","1,656,244",29.7,20191220,29.55,29.7,16.78,0.0,2539,櫻花建,29.7
8,72,"151,430","4,473,405",29.7,20191219,29.45,29.8,16.78,0.05,2539,櫻花建,29.8
9,116,"145,421","4,306,960",29.75,20191218,29.5,29.75,16.81,0.25,2539,櫻花建,29.5
10,86,"188,877","5,556,743",29.5,20191217,29.35,29.5,16.67,0.2,2539,櫻花建,29.35
11,90,"122,052","3,580,375",29.3,20191216,29.2,29.45,16.55,0.1,2539,櫻花建,29.2
12,55,"102,273","2,984,444",29.2,20191213,29.1,29.25,16.5,0.0,2539,櫻花建,29.2
13,37,"140,732","4,094,970",29.2,20191212,29.05,29.25,16.5,0.1,2539,櫻花建,29.1
14,19,"38,783","1,127,361",29.1,20191211,29.05,29.1,16.44,0.2,2539,櫻花建,29.1
15,34,"54,280","1,579,923",29.3,20191210,29.0,29.3,16.55,0.0,2539,櫻花建,29.3
16,55,"154,131","4,482,342",29.3,20191209,29.0,29.3,16.55,0.0,2539,櫻花建,29.3
17,21,"67,052","1,963,612",29.3,20191206,29.25,29.3,16.55,0.0,2539,櫻花建,29.3
18,35,"81,087","2,371,531",29.3,20191205,29.2,29.3,16.55,0.1,2539,櫻花建,29.2
19,24,"67,969","1,984,193",29.2,20191204,29.1,29.25,16.5,0.1,2539,櫻花建,29.2
20,15,"14,603","424,945",29.1,20191203,29.1,29.1,16.44,0.1,2539,櫻花建,29.1
21,13,"14,432","418,878",29.0,20191202,29.0,29.05,16.38,0.0,2539,櫻花建,29.05
22,62,"142,000","4,127,400",29.0,20191129,29.0,29.2,16.38,0.15,2539,櫻花建,29.15
23,13,"20,011","583,220",29.15,20191128,29.1,29.15,16.47,0.05,2539,櫻花建,29.1
24,41,"86,340","2,516,877",29.1,20191127,29.1,29.2,16.44,0.05,2539,櫻花建,29.2
25,48,"93,650","2,730,130",29.15,20191126,29.1,29.25,16.47,0.05,2539,櫻花建,29.25
26,17,"11,127","325,000",29.2,20191125,29.2,29.25,16.5,0.0,2539,櫻花建,29.2
27,16,"18,641","543,684",29.2,20191122,29.1,29.2,16.5,0.05,2539,櫻花建,29.2
28,46,"51,413","1,497,360",29.15,20191121,29.1,29.2,16.47,0.15,2539,櫻花建,29.15
29,66,"86,691","2,533,440",29.3,20191120,29.15,29.3,16.55,0.05,2539,櫻花建,29.3
30,45,"101,526","2,966,578",29.25,20191119,29.15,29.3,16.43,0.0,2539,櫻花建,29.25
31,28,"52,839","1,545,013",29.25,20191118,29.2,29.3,16.43,0.05,2539,櫻花建,29.3
32,26,"26,573","775,965",29.3,20191115,29.1,29.3,16.46,0.0,2539,櫻花建,29.2
33,38,"74,574","2,178,130",29.3,20191114,29.15,29.3,16.46,0.05,2539,櫻花建,29.25
34,53,"135,243","3,952,556",29.25,20191113,29.0,29.35,16.43,0.15,2539,櫻花建,29.0
35,37,"75,005","2,201,046",29.4,20191112,29.25,29.4,16.52,0.15,2539,櫻花建,29.3
36,48,"114,649","3,362,949",29.25,20191111,29.2,29.4,17.94,0.15,2539,櫻花建,29.4
37,36,"66,130","1,939,539",29.4,20191108,29.25,29.4,18.04,0.0,2539,櫻花建,29.35
38,40,"137,399","4,031,089",29.4,20191107,29.25,29.4,18.04,0.1,2539,櫻花建,29.3
39,51,"163,422","4,791,962",29.3,20191106,29.25,29.4,17.98,0.05,2539,櫻花建,29.25
40,41,"189,180","5,543,028",29.35,20191105,29.2,29.4,18.01,0.0,2539,櫻花建,29.4
41,39,"70,950","2,082,047",29.35,20191104,29.25,29.4,18.01,0.05,2539,櫻花建,29.35
42,47,"166,807","4,881,573",29.3,20191101,29.1,29.4,17.98,0.15,2539,櫻花建,29.1
43,35,"90,539","2,643,287",29.15,20191031,29.15,29.35,17.88,0.05,2539,櫻花建,29.35
44,38,"102,231","2,990,649",29.2,20191030,29.15,29.35,17.91,0.05,2539,櫻花建,29.35
45,33,"49,902","1,458,308",29.25,20191029,29.15,29.25,17.94,0.05,2539,櫻花建,29.25
46,21,"25,169","735,033",29.2,20191028,29.2,29.25,17.91,0.1,2539,櫻花建,29.25
47,32,"41,227","1,207,838",29.3,20191025,29.25,29.3,17.98,0.0,2539,櫻花建,29.3
48,35,"52,250","1,532,597",29.3,20191024,29.25,29.4,17.98,0.0,2539,櫻花建,29.3
49,48,"75,426","2,211,165",29.3,20191023,29.25,29.35,17.98,0.0,2539,櫻花建,29.3
50,31,"43,178","1,266,164",29.3,20191022,29.3,29.35,17.98,0.0,2539,櫻花建,29.3
51,39,"69,397","2,034,790",29.3,20191021,29.25,29.4,17.98,0.05,2539,櫻花建,29.35
52,18,"41,343","1,212,565",29.35,20191018,29.3,29.35,18.01,0.05,2539,櫻花建,29.3
53,25,"40,320","1,181,894",29.3,20191017,29.2,29.35,17.98,0.1,2539,櫻花建,29.2
54,87,"108,961","3,181,852",29.4,20191016,29.05,29.45,18.04,0.3,2539,櫻花建,29.25
55,32,"54,271","1,580,769",29.1,20191015,29.0,29.3,17.85,0.2,2539,櫻花建,29.3
56,94,"119,837","3,496,109",29.3,20191014,29.0,29.3,17.98,0.3,2539,櫻花建,29.0
57,60,"179,491","5,231,839",29.0,20191009,29.0,29.4,17.79,0.05,2539,櫻花建,29.4
58,53,"108,048","3,127,232",28.95,20191008,28.9,29.0,17.76,0.05,2539,櫻花建,28.9
59,48,"85,980","2,482,926",28.9,20191007,28.75,28.9,17.73,0.15,2539,櫻花建,28.75
60,92,"152,378","4,385,460",28.75,20191004,28.7,29.0,17.64,0.0,2539,櫻花建,28.75
61,32,"103,484","2,968,340",28.75,20191003,28.55,28.8,17.64,0.05,2539,櫻花建,28.6
62,27,"33,950","975,313",28.7,20191002,28.7,28.9,17.61,0.0,2539,櫻花建,28.7
63,71,"94,028","2,705,612",28.7,20191001,28.5,29.0,17.61,0.25,2539,櫻花建,28.95
64,69,"124,690","3,623,671",28.95,20190927,28.9,29.2,17.76,0.2,2539,櫻花建,29.15
65,73,"114,241","3,341,511",29.15,20190926,29.15,29.35,17.88,0.15,2539,櫻花建,29.3
66,59,"148,507","4,356,699",29.3,20190925,29.3,29.55,17.98,0.1,2539,櫻花建,29.35
67,42,"71,560","2,108,620",29.4,20190924,29.35,29.6,18.04,0.2,2539,櫻花建,29.6
68,40,"61,215","1,804,189",29.6,20190923,29.35,29.6,18.16,0.05,2539,櫻花建,29.55
69,50,"63,878","1,893,639",29.55,20190920,29.5,29.8,18.13,0.2,2539,櫻花建,29.75
70,68,"97,028","2,888,125",29.75,20190919,29.65,30.15,18.25,0.55,2539,櫻花建,30.15
71,186,"274,215","8,078,450",30.3,20190918,28.95,30.4,18.59,1.3,2539,櫻花建,29.0
72,62,"88,711","2,571,869",29.0,20190917,28.9,29.05,17.79,0.05,2539,櫻花建,29.05
73,72,"113,809","3,299,936",29.05,20190916,28.7,29.15,17.82,0.05,2539,櫻花建,29.05
74,156,"190,267","5,511,393",29.0,20190912,28.8,29.05,17.79,0.05,2539,櫻花建,28.8
75,18,"70,002","2,029,559",28.95,20190911,28.9,29.05,17.76,0.05,2539,櫻花建,28.95
76,25,"102,378","2,967,456",29.0,20190910,28.9,29.05,17.79,0.0,2539,櫻花建,29.0
77,34,"77,250","2,230,387",29.0,20190909,28.5,29.0,17.79,0.05,2539,櫻花建,28.95
78,24,"82,686","2,395,394",28.95,20190906,28.9,29.0,17.76,0.05,2539,櫻花建,29.0
79,39,"151,189","4,383,181",29.0,20190905,28.85,29.05,17.79,0.0,2539,櫻花建,29.0
80,46,"166,195","4,819,895",29.0,20190904,28.9,29.05,17.79,0.05,2539,櫻花建,28.9
81,28,"136,080","3,938,450",28.95,20190903,28.9,29.0,17.76,0.0,2539,櫻花建,29.0
82,50,"175,000","5,069,850",28.95,20190902,28.7,29.2,17.76,0.15,2539,櫻花建,28.8
83,57,"153,885","4,429,909",28.8,20190830,28.65,28.9,17.67,0.0,2539,櫻花建,28.85
84,29,"41,100","1,176,478",28.8,20190829,28.55,28.85,17.67,0.1,2539,櫻花建,28.7
85,38,"68,902","1,978,680",28.7,20190828,28.7,28.8,17.61,0.0,2539,櫻花建,28.7
86,57,"157,400","4,505,479",28.7,20190827,28.45,29.0,17.61,0.25,2539,櫻花建,28.45
87,18,"31,299","889,681",28.45,20190826,28.35,28.45,17.45,0.1,2539,櫻花建,28.35
88,18,"19,900","564,383",28.35,20190823,28.3,28.35,17.39,0.0,2539,櫻花建,28.35
89,25,"26,000","737,600",28.35,20190822,28.3,28.4,17.39,0.1,2539,櫻花建,28.35
90,67,"75,485","2,142,972",28.25,20190821,28.2,28.6,17.33,0.05,2539,櫻花建,28.35
91,30,"50,203","1,418,035",28.2,20190820,28.2,28.4,17.3,0.0,2539,櫻花建,28.25
92,38,"61,609","1,740,995",28.2,20190819,28.2,28.35,17.3,0.05,2539,櫻花建,28.3
93,23,"48,459","1,371,907",28.25,20190816,28.15,28.35,17.33,0.05,2539,櫻花建,28.3
94,27,"56,108","1,581,178",28.3,20190815,28.0,28.45,17.36,0.15,2539,櫻花建,28.45
95,70,"109,450","3,098,837",28.45,20190814,28.1,28.45,17.45,0.45,2539,櫻花建,28.3
96,41,"90,204","2,535,492",28.0,20190813,27.9,28.3,17.18,0.2,2539,櫻花建,27.9
97,36,"46,800","1,304,650",27.8,20190812,27.65,27.95,17.06,0.15,2539,櫻花建,27.65
