,成交筆數,成交股數,成交金額,收盤價,日期,最低價,最高價,本益比,漲跌價差,證券代號,證券名稱,開盤價
0,80,"105,793","3,144,208",29.75,20191231,29.65,29.75,13.58,0.05,2612,中航,29.70
1,72,"75,579","2,250,289",29.7,20191230,29.7,29.95,13.56,0.2,2612,中航,29.9
2,98,"195,242","5,827,430",29.9,20191227,29.75,29.9,13.65,0.2,2612,中航,29.8
3,67,"105,557","3,139,380",29.7,20191226,29.7,29.95,13.56,0.05,2612,中航,29.9
4,47,"47,999","1,424,615",29.75,20191225,29.7,29.9,13.58,0.05,2612,中航,29.7
5,121,"154,081","4,587,902",29.7,20191224,29.7,30.05,13.56,0.15,2612,中航,30.05
6,88,"114,817","3,425,302",29.85,20191223,29.75,30.05,13.63,0.15,2612,中航,30.0
7,90,"142,406","4,276,768",30.0,20191220,29.95,30.1,13.7,0.05,2612,中航,30.05
8,105,"154,567","4,660,034",30.05,20191219,30.05,30.45,13.72,0.35,2612,中航,30.45
9,242,"385,153","11,650,167",30.4,20191218,29.8,30.45,13.88,0.5,2612,中航,29.8
10,101,"108,330","3,230,996",29.9,20191217,29.7,29.95,13.65,0.2,2612,中航,29.85
11,91,"115,612","3,428,682",29.7,20191216,29.5,29.75,13.56,0.1,2612,中航,29.7
12,97,"167,590","4,958,204",29.6,20191213,29.45,29.7,13.52,0.05,2612,中航,29.55
13,195,"271,588","8,040,671",29.55,20191212,29.5,29.8,13.49,0.2,2612,中航,29.75
14,138,"170,642","5,091,413",29.75,20191211,29.7,30.05,13.58,0.25,2612,中航,30.05
15,114,"138,465","4,158,147",30.0,20191210,29.95,30.2,13.7,0.15,2612,中航,30.0
16,121,"195,528","5,854,956",29.85,20191209,29.85,30.1,13.63,0.15,2612,中航,30.0
17,100,"118,854","3,565,070",30.0,20191206,29.95,30.05,13.7,0.05,2612,中航,30.0
18,93,"125,957","3,805,360",30.05,20191205,30.05,30.45,13.72,0.3,2612,中航,30.4
19,62,"89,796","2,721,788",30.35,20191204,30.2,30.45,13.86,0.1,2612,中航,30.45
20,109,"143,076","4,333,152",30.45,20191203,30.05,30.5,13.9,0.45,2612,中航,30.2
21,97,"146,389","4,407,170",30.0,20191202,29.85,30.35,13.7,0.0,2612,中航,30.15
22,105,"159,276","4,794,980",30.0,20191129,30.0,30.4,13.7,0.25,2612,中航,30.4
23,115,"194,659","5,903,582",30.25,20191128,30.2,30.6,13.81,0.45,2612,中航,30.4
24,178,"303,080","9,259,338",30.7,20191127,30.4,30.7,14.02,0.35,2612,中航,30.6
25,182,"314,723","9,557,784",30.35,20191126,30.15,30.65,13.86,0.35,2612,中航,30.4
26,268,"313,161","9,370,980",30.0,20191125,29.5,30.15,13.7,0.5,2612,中航,29.55
27,86,"165,080","4,871,572",29.5,20191122,29.45,29.7,13.47,0.0,2612,中航,29.45
28,222,"359,700","10,632,400",29.5,20191121,29.45,29.75,13.47,0.45,2612,中航,29.7
29,116,"181,630","5,396,240",29.95,20191120,29.6,29.95,13.68,0.2,2612,中航,29.7
30,233,"262,541","7,827,062",29.75,20191119,29.45,29.95,13.58,0.25,2612,中航,29.5
31,158,"295,227","8,716,146",29.5,20191118,29.45,29.65,13.47,0.15,2612,中航,29.55
32,188,"327,851","9,753,424",29.65,20191115,29.65,30.0,13.54,0.05,2612,中航,29.7
33,148,"246,542","7,350,549",29.7,20191114,29.7,30.0,13.56,0.15,2612,中航,29.85
34,174,"261,926","7,835,342",29.85,20191113,29.8,30.1,13.63,0.15,2612,中航,30.0
35,167,"220,752","6,587,710",30.0,20191112,29.65,30.15,11.49,0.25,2612,中航,30.0
36,285,"457,994","13,714,717",29.75,20191111,29.75,30.35,11.4,0.65,2612,中航,30.35
37,316,"633,714","19,337,903",30.4,20191108,30.35,30.75,11.65,0.4,2612,中航,30.75
38,229,"339,894","10,495,701",30.8,20191107,30.75,31.15,11.8,0.4,2612,中航,31.0
39,93,"117,682","3,678,675",31.2,20191106,31.15,31.4,11.95,0.0,2612,中航,31.2
40,188,"280,686","8,782,231",31.2,20191105,31.05,31.5,11.95,0.15,2612,中航,31.05
41,255,"378,083","11,728,178",31.05,20191104,30.9,31.3,11.9,0.25,2612,中航,31.3
42,124,"201,240","6,290,323",31.3,20191101,31.2,31.35,11.99,0.0,2612,中航,31.2
43,218,"346,366","10,897,621",31.3,20191031,31.3,31.7,11.99,0.5,2612,中航,31.7
44,154,"255,562","8,089,932",31.8,20191030,31.45,31.85,12.18,0.15,2612,中航,31.55
45,196,"301,565","9,559,478",31.65,20191029,31.6,31.8,12.13,0.15,2612,中航,31.7
46,140,"200,510","6,385,818",31.8,20191028,31.75,32.1,12.18,0.05,2612,中航,31.9
47,132,"266,100","8,501,430",31.85,20191025,31.8,32.15,12.2,0.05,2612,中航,32.05
48,152,"227,821","7,253,656",31.8,20191024,31.7,31.95,12.18,0.05,2612,中航,31.7
49,181,"308,574","9,859,879",31.85,20191023,31.8,32.2,12.2,0.35,2612,中航,32.2
50,240,"315,608","10,176,333",32.2,20191022,31.95,32.55,12.34,0.15,2612,中航,32.15
51,150,"211,971","6,770,722",32.05,20191021,31.65,32.2,12.28,0.35,2612,中航,31.65
52,276,"494,769","15,702,715",31.7,20191018,31.55,32.45,12.15,0.15,2612,中航,31.8
53,198,"299,853","9,576,472",31.85,20191017,31.8,32.1,12.2,0.05,2612,中航,32.0
54,139,"168,899","5,382,928",31.9,20191016,31.7,32.1,12.22,0.0,2612,中航,32.1
55,148,"185,141","5,936,079",31.9,20191015,31.85,32.45,12.22,0.4,2612,中航,32.3
56,484,"664,320","21,516,330",32.3,20191014,32.1,32.6,12.38,0.8,2612,中航,32.2
57,159,"214,015","6,751,768",31.5,20191009,31.4,31.7,12.07,0.15,2612,中航,31.45
58,195,"277,078","8,771,877",31.35,20191008,31.35,32.0,12.01,0.65,2612,中航,32.0
59,202,"317,750","10,155,950",32.0,20191007,31.7,32.15,12.26,0.4,2612,中航,31.8
60,313,"436,850","13,848,479",31.6,20191004,31.45,32.05,12.11,0.2,2612,中航,31.75
61,234,"364,082","11,459,205",31.8,20191003,31.1,31.8,12.18,0.5,2612,中航,31.25
62,481,"720,226","22,719,020",31.3,20191002,31.3,31.8,11.99,0.5,2612,中航,31.5
63,303,"451,629","14,410,497",31.8,20191001,31.8,32.15,12.18,0.2,2612,中航,32.05
64,423,"640,419","20,583,408",32.0,20190927,32.0,32.45,12.26,0.55,2612,中航,32.4
65,509,"760,947","24,934,870",32.55,20190926,32.5,33.3,12.47,0.65,2612,中航,33.25
66,714,"1,026,157","33,828,658",33.2,20190925,32.4,33.25,12.72,0.7,2612,中航,32.55
67,245,"323,015","10,470,885",32.5,20190924,32.2,32.5,12.45,0.25,2612,中航,32.25
68,420,"611,540","19,735,841",32.25,20190923,32.2,32.4,12.36,0.35,2612,中航,32.25
69,489,"757,180","24,761,071",32.6,20190920,32.5,33.1,12.49,0.6,2612,中航,33.1
70,308,"426,258","14,174,825",33.2,20190919,33.05,33.5,12.72,0.25,2612,中航,33.5
71,237,"386,006","12,881,745",33.45,20190918,33.2,33.6,12.82,0.0,2612,中航,33.35
72,269,"425,916","14,205,486",33.45,20190917,33.2,33.45,12.82,0.05,2612,中航,33.4
73,204,"338,847","11,325,318",33.4,20190916,33.25,33.55,12.8,0.2,2612,中航,33.4
74,196,"301,500","10,140,824",33.6,20190912,33.35,33.8,12.87,0.1,2612,中航,33.55
75,354,"513,794","17,264,447",33.5,20190911,33.4,33.9,12.84,0.25,2612,中航,33.85
76,656,"1,083,071","36,940,938",33.75,20190910,33.75,34.75,12.93,1.15,2612,中航,34.75
77,338,"545,052","19,037,649",34.9,20190909,34.75,35.25,13.37,0.0,2612,中航,35.0
78,605,"974,305","34,196,940",34.9,20190906,34.8,35.8,13.37,0.9,2612,中航,35.8
79,418,"731,343","26,252,340",35.8,20190905,35.65,36.3,13.72,0.2,2612,中航,36.25
80,605,"974,686","34,914,419",36.0,20190904,35.6,36.2,13.79,0.45,2612,中航,35.85
81,"2,172","4,115,336","149,394,387",35.55,20190903,35.55,37.2,13.62,0.1,2612,中航,36.05
82,"1,185","2,048,559","72,354,609",35.45,20190902,34.7,35.7,13.58,1.4,2612,中航,34.8
83,834,"1,406,909","48,184,810",34.05,20190830,34.0,34.65,13.05,0.3,2612,中航,34.5
84,"1,474","2,530,040","85,853,614",34.35,20190829,33.25,34.35,13.16,1.7,2612,中航,33.75
85,369,"576,001","18,759,333",32.65,20190828,32.35,32.75,12.51,0.6,2612,中航,32.35
86,215,"294,100","9,444,501",32.05,20190827,32.0,32.4,12.28,0.05,2612,中航,32.25
87,420,"632,245","20,318,544",32.1,20190826,31.9,32.5,12.3,0.65,2612,中航,32.2
88,364,"562,426","18,419,196",32.75,20190823,32.6,32.9,12.55,0.45,2612,中航,32.6
89,403,"561,593","18,196,649",32.3,20190822,32.15,32.9,12.38,0.3,2612,中航,32.7
90,820,"1,286,203","42,084,812",32.6,20190821,32.55,33.4,12.49,0.8,2612,中航,33.4
91,978,"1,639,814","55,071,807",33.4,20190820,33.2,34.6,12.8,1.15,2612,中航,34.4
92,788,"1,361,300","47,289,633",34.55,20190819,34.5,35.3,13.24,0.05,2612,中航,35.3
93,756,"1,213,231","42,014,446",34.6,20190816,34.2,35.0,13.26,0.7,2612,中航,34.2
94,682,"1,579,731","53,389,004",33.9,20190815,33.1,34.4,12.99,0.6,2612,中航,34.2
95,471,"838,152","28,866,090",34.5,20190814,34.15,34.9,13.22,0.8,2612,中航,34.7
96,475,"785,773","26,529,151",33.7,20190813,33.6,34.2,11.74,0.6,2612,中航,34.1
97,706,"1,050,586","36,113,567",34.3,20190812,33.8,34.8,11.95,0.75,2612,中航,33.8
