,成交筆數,成交股數,成交金額,收盤價,日期,最低價,最高價,本益比,漲跌價差,證券代號,證券名稱,開盤價
0,72,"92,850","3,631,783",39.20,20191231,39.00,39.20,13.47,0.20,2608,嘉里大榮,39.00
1,45,"38,800","1,514,550",39.0,20191230,38.85,39.1,13.4,0.15,2608,嘉里大榮,38.85
2,88,"105,424","4,099,917",38.85,20191227,38.8,39.0,13.35,0.0,2608,嘉里大榮,38.85
3,75,"97,761","3,791,933",38.85,20191226,38.65,39.2,13.35,0.15,2608,嘉里大榮,39.0
4,91,"101,787","3,958,943",39.0,20191225,38.5,39.25,13.4,0.25,2608,嘉里大榮,39.25
5,89,"172,427","6,755,723",39.25,20191224,38.8,39.4,13.49,0.15,2608,嘉里大榮,39.0
6,31,"22,008","860,259",39.1,20191223,39.0,39.1,13.44,0.15,2608,嘉里大榮,39.0
7,37,"40,300","1,573,284",38.95,20191220,38.95,39.2,13.38,0.0,2608,嘉里大榮,38.95
8,136,"161,057","6,308,752",38.95,20191219,38.9,39.5,13.38,0.25,2608,嘉里大榮,39.3
9,195,"221,801","8,677,078",39.2,20191218,39.0,39.2,13.47,0.35,2608,嘉里大榮,39.0
10,158,"171,252","6,673,934",38.85,20191217,38.8,39.2,13.35,0.0,2608,嘉里大榮,38.85
11,69,"86,155","3,350,599",38.85,20191216,38.65,39.05,13.35,0.2,2608,嘉里大榮,38.65
12,77,"81,975","3,176,989",38.65,20191213,38.65,38.9,13.28,0.25,2608,嘉里大榮,38.9
13,90,"132,550","5,131,487",38.9,20191212,38.55,38.9,13.37,0.35,2608,嘉里大榮,38.55
14,214,"336,595","13,001,502",38.55,20191211,38.45,38.75,13.25,0.2,2608,嘉里大榮,38.75
15,119,"158,103","6,129,838",38.75,20191210,38.65,38.95,13.32,0.05,2608,嘉里大榮,38.8
16,118,"159,159","6,195,707",38.8,20191209,38.75,39.1,13.33,0.3,2608,嘉里大榮,39.1
17,35,"27,346","1,069,027",39.1,20191206,39.0,39.2,13.44,0.05,2608,嘉里大榮,39.2
18,91,"89,543","3,503,404",39.15,20191205,39.0,39.35,13.45,0.3,2608,嘉里大榮,39.35
19,38,"35,919","1,394,659",38.85,20191204,38.7,38.9,13.35,0.0,2608,嘉里大榮,38.7
20,28,"33,189","1,287,852",38.85,20191203,38.8,38.85,13.35,0.15,2608,嘉里大榮,38.8
21,53,"67,579","2,614,154",38.7,20191202,38.55,38.8,13.3,0.1,2608,嘉里大榮,38.8
22,97,"137,910","5,364,314",38.8,20191129,38.7,39.5,13.33,0.35,2608,嘉里大榮,39.2
23,76,"107,848","4,239,626",39.15,20191128,39.05,39.55,13.45,0.3,2608,嘉里大榮,39.45
24,101,"140,318","5,526,379",39.45,20191127,39.2,39.5,13.56,0.2,2608,嘉里大榮,39.25
25,135,"236,225","9,294,409",39.25,20191126,39.0,39.65,13.49,0.5,2608,嘉里大榮,39.0
26,49,"49,874","1,937,613",38.75,20191125,38.75,39.0,13.32,0.25,2608,嘉里大榮,39.0
27,89,"157,124","6,137,153",39.0,20191122,38.65,39.25,13.4,0.35,2608,嘉里大榮,38.65
28,95,"127,385","4,925,148",38.65,20191121,38.6,38.7,13.28,0.05,2608,嘉里大榮,38.6
29,96,"144,353","5,591,109",38.7,20191120,38.6,38.8,13.3,0.2,2608,嘉里大榮,38.75
30,56,"65,685","2,558,458",38.9,20191119,38.9,39.05,13.37,0.35,2608,嘉里大榮,39.05
31,90,"113,970","4,460,975",39.25,20191118,39.0,39.25,13.49,0.2,2608,嘉里大榮,39.1
32,266,"483,264","18,905,655",39.05,20191115,38.9,39.45,13.42,0.9,2608,嘉里大榮,39.0
33,75,"108,114","4,124,692",38.15,20191114,38.0,38.3,13.72,0.25,2608,嘉里大榮,38.3
34,85,"99,601","3,814,107",38.4,20191113,38.1,38.65,13.81,0.25,2608,嘉里大榮,38.65
35,55,"78,197","3,025,022",38.65,20191112,38.6,38.9,13.9,0.05,2608,嘉里大榮,38.6
36,101,"137,403","5,293,003",38.6,20191111,38.4,38.9,13.88,0.35,2608,嘉里大榮,38.9
37,100,"127,150","4,931,683",38.95,20191108,38.5,39.15,14.01,0.2,2608,嘉里大榮,38.9
38,116,"188,604","7,300,673",38.75,20191107,38.6,38.95,13.94,0.15,2608,嘉里大榮,38.95
39,170,"254,390","9,898,715",38.9,20191106,38.75,39.45,13.99,0.45,2608,嘉里大榮,39.45
40,292,"408,599","16,118,808",39.35,20191105,39.25,39.7,14.15,0.15,2608,嘉里大榮,39.35
41,"1,009","1,798,797","70,189,442",39.2,20191104,38.3,39.8,14.1,1.1,2608,嘉里大榮,38.35
42,115,"145,254","5,534,462",38.1,20191101,38.05,38.15,13.7,0.0,2608,嘉里大榮,38.1
43,93,"152,285","5,807,030",38.1,20191031,38.0,38.2,13.7,0.05,2608,嘉里大榮,38.05
44,136,"195,802","7,458,603",38.05,20191030,37.85,38.3,13.69,0.0,2608,嘉里大榮,38.15
45,284,"474,423","18,033,156",38.05,20191029,37.8,38.15,13.69,0.4,2608,嘉里大榮,37.8
46,190,"282,750","10,602,133",37.65,20191028,37.1,37.65,13.54,0.55,2608,嘉里大榮,37.1
47,33,"28,111","1,037,807",37.1,20191025,36.8,37.1,13.35,0.15,2608,嘉里大榮,36.95
48,25,"22,592","832,982",36.95,20191024,36.8,36.95,13.29,0.3,2608,嘉里大榮,36.8
49,94,"388,064","14,240,677",36.65,20191023,36.6,36.8,13.18,0.05,2608,嘉里大榮,36.6
50,111,"139,454","5,129,619",36.6,20191022,36.55,36.95,13.17,0.1,2608,嘉里大榮,36.75
51,43,"49,707","1,821,403",36.7,20191021,36.5,36.75,13.2,0.2,2608,嘉里大榮,36.5
52,52,"60,428","2,209,470",36.5,20191018,36.5,36.7,13.13,0.1,2608,嘉里大榮,36.7
53,44,"37,548","1,377,399",36.6,20191017,36.55,36.9,13.17,0.3,2608,嘉里大榮,36.9
54,136,"151,168","5,557,673",36.9,20191016,36.55,37.0,13.27,0.1,2608,嘉里大榮,36.8
55,83,"81,249","2,989,811",36.8,20191015,36.7,36.9,13.24,0.5,2608,嘉里大榮,36.8
56,91,"210,243","7,654,105",36.3,20191014,36.3,36.75,13.06,0.05,2608,嘉里大榮,36.6
57,53,"47,628","1,738,394",36.25,20191009,36.15,36.75,13.04,0.5,2608,嘉里大榮,36.75
58,25,"25,746","947,889",36.75,20191008,36.7,36.9,13.22,0.15,2608,嘉里大榮,36.7
59,35,"35,372","1,293,412",36.6,20191007,36.5,36.7,13.17,0.0,2608,嘉里大榮,36.6
60,55,"57,027","2,086,642",36.6,20191004,36.5,37.0,13.17,0.2,2608,嘉里大榮,37.0
61,26,"22,177","817,561",36.8,20191003,36.8,36.95,13.24,0.15,2608,嘉里大榮,36.95
62,51,"53,308","1,960,027",36.95,20191002,36.4,37.0,13.29,0.25,2608,嘉里大榮,36.4
63,48,"78,000","2,852,450",36.7,20191001,36.45,36.7,13.2,0.3,2608,嘉里大榮,36.55
64,108,"102,616","3,749,771",36.4,20190927,36.3,36.8,13.09,0.15,2608,嘉里大榮,36.6
65,81,"77,870","2,857,694",36.55,20190926,36.55,36.95,13.15,0.3,2608,嘉里大榮,36.85
66,50,"50,507","1,864,409",36.85,20190925,36.8,37.0,13.26,0.1,2608,嘉里大榮,36.95
67,34,"40,489","1,493,943",36.95,20190924,36.8,37.0,13.29,0.15,2608,嘉里大榮,36.8
68,76,"102,725","3,788,164",36.8,20190923,36.8,37.05,13.24,0.15,2608,嘉里大榮,37.0
69,61,"68,849","2,546,175",36.95,20190920,36.9,37.1,13.29,0.15,2608,嘉里大榮,37.1
70,24,"24,645","915,443",37.1,20190919,37.0,37.25,13.35,0.05,2608,嘉里大榮,37.15
71,168,"173,633","6,467,189",37.15,20190918,36.9,37.45,13.36,0.1,2608,嘉里大榮,36.9
72,65,"76,104","2,820,868",37.05,20190917,37.0,37.2,13.33,0.15,2608,嘉里大榮,37.2
73,86,"93,385","3,468,870",37.2,20190916,37.05,37.35,13.38,0.2,2608,嘉里大榮,37.35
74,92,"100,538","3,767,023",37.4,20190912,37.3,37.5,13.45,0.15,2608,嘉里大榮,37.3
75,111,"119,346","4,468,232",37.25,20190911,37.2,37.7,13.4,0.15,2608,嘉里大榮,37.4
76,32,"32,834","1,224,174",37.4,20190910,37.2,37.45,13.45,0.2,2608,嘉里大榮,37.45
77,24,"24,487","910,167",37.2,20190909,37.1,37.45,13.38,0.0,2608,嘉里大榮,37.45
78,39,"41,684","1,551,343",37.2,20190906,37.1,37.5,13.38,0.05,2608,嘉里大榮,37.2
79,47,"52,782","1,964,711",37.15,20190905,37.1,37.45,13.36,0.25,2608,嘉里大榮,37.4
80,60,"58,550","2,182,630",37.4,20190904,37.0,37.55,13.45,0.35,2608,嘉里大榮,37.05
81,61,"55,277","2,055,549",37.05,20190903,37.05,37.4,13.33,0.15,2608,嘉里大榮,37.4
82,62,"39,361","1,465,307",37.2,20190902,37.2,37.35,13.38,0.0,2608,嘉里大榮,37.2
83,87,"117,149","4,375,341",37.2,20190830,37.2,37.75,13.38,0.5,2608,嘉里大榮,37.7
84,66,"76,239","2,874,181",37.7,20190829,37.6,37.85,13.56,0.0,2608,嘉里大榮,37.65
85,169,"215,594","8,073,353",37.7,20190828,36.9,37.7,13.56,0.55,2608,嘉里大榮,36.9
86,164,"217,413","8,053,031",37.15,20190827,36.6,37.3,13.36,0.55,2608,嘉里大榮,36.6
87,55,"81,130","2,965,059",36.6,20190826,36.2,36.7,13.17,0.05,2608,嘉里大榮,36.5
88,44,"79,582","2,915,732",36.65,20190823,36.5,36.85,13.18,0.05,2608,嘉里大榮,36.85
89,80,"133,716","4,886,458",36.6,20190822,36.2,36.7,13.17,0.25,2608,嘉里大榮,36.2
90,111,"144,476","5,240,113",36.35,20190821,36.1,36.5,13.08,0.25,2608,嘉里大榮,36.1
91,70,"97,835","3,534,241",36.1,20190820,36.05,36.25,12.99,0.15,2608,嘉里大榮,36.25
92,40,"36,329","1,316,089",36.25,20190819,36.05,36.3,13.04,0.1,2608,嘉里大榮,36.05
93,63,"74,663","2,717,445",36.35,20190816,36.25,36.45,13.08,0.05,2608,嘉里大榮,36.4
94,129,"161,800","5,854,827",36.4,20190815,35.75,36.55,13.09,0.05,2608,嘉里大榮,36.2
95,81,"87,477","3,189,733",36.45,20190814,36.3,36.5,13.11,0.2,2608,嘉里大榮,36.3
96,69,"86,204","3,123,475",36.25,20190813,36.1,36.45,13.28,0.25,2608,嘉里大榮,36.45
97,69,"114,491","4,176,370",36.5,20190812,36.05,36.6,13.37,0.1,2608,嘉里大榮,36.05
