,成交筆數,成交股數,成交金額,收盤價,日期,最低價,最高價,本益比,漲跌價差,證券代號,證券名稱,開盤價
0,684,"2,055,790","14,218,295",6.90,20191122,6.88,6.95,0.00,0.02,2349,錸德,6.93
1,"1,330","4,839,724","33,355,818",6.88,20191121,6.85,7.02,0.0,0.17,2349,錸德,7.02
2,881,"2,593,169","18,230,754",7.05,20191120,7.0,7.07,0.0,0.04,2349,錸德,7.04
3,"1,005","3,838,873","27,024,565",7.01,20191119,6.99,7.12,0.0,0.08,2349,錸德,7.12
4,"1,107","3,410,153","24,139,614",7.09,20191118,7.02,7.16,0.0,0.09,2349,錸德,7.03
5,"1,501","5,291,483","37,228,661",7.0,20191115,6.99,7.13,0.0,0.05,2349,錸德,7.1
6,"1,806","5,897,772","42,161,132",7.05,20191114,7.0,7.37,0.0,0.27,2349,錸德,7.3
7,654,"2,263,984","16,644,913",7.32,20191113,7.31,7.42,0.0,0.03,2349,錸德,7.36
8,"1,712","5,026,500","36,952,685",7.35,20191112,7.25,7.55,0.0,0.09,2349,錸德,7.46
9,"1,858","6,548,781","49,430,878",7.44,20191111,7.42,7.87,0.0,0.37,2349,錸德,7.87
10,714,"2,308,986","18,090,882",7.81,20191108,7.81,7.91,0.0,0.01,2349,錸德,7.91
11,945,"3,711,353","29,107,471",7.82,20191107,7.81,7.92,0.0,0.08,2349,錸德,7.85
12,"1,103","3,587,076","28,571,538",7.9,20191106,7.9,8.11,0.0,0.13,2349,錸德,8.11
13,"1,090","3,453,425","27,879,367",8.03,20191105,8.02,8.16,0.0,0.01,2349,錸德,8.05
14,"2,502","9,458,967","74,881,352",8.02,20191104,7.8,8.07,0.0,0.03,2349,錸德,8.01
15,"1,856","7,848,369","62,872,476",7.99,20191101,7.98,8.09,0.0,0.1,2349,錸德,8.07
16,"1,120","3,266,828","26,536,143",8.09,20191031,8.09,8.2,0.0,0.07,2349,錸德,8.16
17,967,"3,129,312","25,606,639",8.16,20191030,8.16,8.25,0.0,0.06,2349,錸德,8.22
18,"1,250","4,855,091","40,065,659",8.22,20191029,8.18,8.35,0.0,0.09,2349,錸德,8.33
19,905,"2,912,186","24,253,904",8.31,20191028,8.3,8.39,0.0,0.04,2349,錸德,8.37
20,904,"3,467,170","29,027,843",8.35,20191025,8.35,8.4,0.0,0.02,2349,錸德,8.39
21,"1,006","3,490,931","29,275,306",8.37,20191024,8.36,8.48,0.0,0.06,2349,錸德,8.43
22,809,"2,492,686","21,128,880",8.43,20191023,8.42,8.56,0.0,0.07,2349,錸德,8.5
23,"1,147","3,816,194","32,563,261",8.5,20191022,8.49,8.65,0.0,0.15,2349,錸德,8.65
24,"1,671","5,185,031","44,401,300",8.65,20191021,8.44,8.67,0.0,0.2,2349,錸德,8.48
25,"1,499","4,250,667","36,149,799",8.45,20191018,8.41,8.65,0.0,0.04,2349,錸德,8.44
26,727,"2,078,116","17,435,436",8.41,20191017,8.37,8.44,0.0,0.04,2349,錸德,8.38
27,"1,144","3,802,063","31,948,001",8.37,20191016,8.36,8.47,0.0,0.0,2349,錸德,8.42
28,816,"2,911,570","24,504,496",8.37,20191015,8.35,8.48,0.0,0.06,2349,錸德,8.43
29,"1,036","3,407,401","28,842,811",8.43,20191014,8.42,8.53,0.0,0.02,2349,錸德,8.5
30,"1,328","4,451,052","37,850,235",8.45,20191009,8.45,8.66,0.0,0.17,2349,錸德,8.62
31,984,"2,678,236","23,139,192",8.62,20191008,8.6,8.7,0.0,0.02,2349,錸德,8.65
32,"2,045","8,111,179","70,183,856",8.6,20191007,8.58,8.88,0.0,0.17,2349,錸德,8.88
33,"1,950","6,586,679","58,046,961",8.77,20191004,8.77,8.96,0.0,0.18,2349,錸德,8.9
34,"2,090","7,821,722","70,532,311",8.95,20191003,8.94,9.15,0.0,0.01,2349,錸德,8.97
35,"2,788","10,642,787","95,337,381",8.96,20191002,8.73,9.05,0.0,0.17,2349,錸德,8.73
36,"2,219","8,659,583","77,182,651",8.79,20191001,8.76,9.08,0.0,0.03,2349,錸德,8.88
37,"1,208","4,232,545","37,165,644",8.76,20190927,8.7,8.94,0.0,0.16,2349,錸德,8.9
38,615,"2,015,307","18,081,765",8.92,20190926,8.92,9.05,0.0,0.05,2349,錸德,9.04
39,"1,026","3,167,176","28,514,352",8.97,20190925,8.96,9.12,0.0,0.14,2349,錸德,9.11
40,762,"2,649,072","24,241,261",9.11,20190924,9.1,9.25,0.0,0.01,2349,錸德,9.16
41,"1,750","6,612,122","60,890,802",9.12,20190923,9.04,9.34,0.0,0.06,2349,錸德,9.06
42,"1,012","3,297,250","30,001,894",9.06,20190920,9.03,9.16,0.0,0.01,2349,錸德,9.05
43,"1,214","4,457,095","40,618,695",9.05,20190919,9.01,9.21,0.0,0.01,2349,錸德,9.2
44,"1,940","5,970,207","53,899,913",9.04,20190918,8.87,9.08,0.0,0.14,2349,錸德,8.9
45,"1,555","4,853,224","42,849,011",8.9,20190917,8.64,8.98,0.0,0.25,2349,錸德,8.65
46,"1,171","3,743,133","32,498,517",8.65,20190916,8.62,8.85,0.0,0.16,2349,錸德,8.85
47,710,"2,027,292","17,918,440",8.81,20190912,8.8,8.94,0.0,0.01,2349,錸德,8.94
48,"1,319","4,247,312","37,680,351",8.82,20190911,8.8,9.01,0.0,0.09,2349,錸德,8.92
49,906,"3,158,084","28,305,586",8.91,20190910,8.91,9.03,0.0,0.02,2349,錸德,8.95
50,"1,561","5,096,866","46,040,797",8.93,20190909,8.92,9.18,0.0,0.13,2349,錸德,9.16
51,"2,155","7,446,299","67,809,491",9.06,20190906,8.98,9.28,0.0,0.07,2349,錸德,9.2
52,"5,853","23,980,712","224,482,563",9.13,20190905,9.13,9.65,0.0,0.62,2349,錸德,9.6
53,"8,266","33,469,750","316,333,344",9.75,20190904,8.9,9.76,0.0,0.87,2349,錸德,8.94
54,"2,572","8,830,818","78,060,905",8.88,20190903,8.62,9.08,0.0,0.2,2349,錸德,8.8
55,"1,118","3,614,374","31,276,839",8.68,20190902,8.55,8.71,0.0,0.14,2349,錸德,8.55
56,"1,068","4,250,169","36,527,822",8.54,20190830,8.54,8.68,0.0,0.04,2349,錸德,8.64
57,"1,080","3,722,124","32,095,512",8.58,20190829,8.54,8.75,0.0,0.05,2349,錸德,8.55
58,525,"1,893,530","16,228,696",8.53,20190828,8.53,8.64,0.0,0.0,2349,錸德,8.55
59,514,"1,736,079","14,858,762",8.53,20190827,8.52,8.59,0.0,0.01,2349,錸德,8.56
60,815,"2,744,508","23,496,246",8.54,20190826,8.54,8.63,0.0,0.18,2349,錸德,8.55
61,795,"2,768,195","24,278,453",8.72,20190823,8.7,8.88,0.0,0.12,2349,錸德,8.8
62,"1,415","5,142,076","46,113,066",8.84,20190822,8.82,9.1,0.0,0.07,2349,錸德,8.94
63,929,"2,804,454","24,685,550",8.77,20190821,8.74,8.95,0.0,0.1,2349,錸德,8.88
64,"1,821","6,896,036","61,791,656",8.87,20190820,8.87,9.06,0.0,0.08,2349,錸德,8.89
65,"2,085","7,318,504","64,174,076",8.79,20190819,8.4,8.95,0.0,0.29,2349,錸德,8.4
66,638,"2,002,180","17,088,458",8.5,20190816,8.49,8.67,0.0,0.01,2349,錸德,8.5
67,989,"3,947,687","33,490,887",8.49,20190815,8.44,8.54,0.0,0.14,2349,錸德,8.5
68,618,"2,060,185","17,950,023",8.63,20190814,8.63,8.84,0.0,0.02,2349,錸德,8.8
69,566,"1,819,673","15,803,767",8.65,20190813,8.62,8.78,0.0,0.05,2349,錸德,8.62
70,754,"2,513,205","22,018,800",8.7,20190812,8.7,8.91,0.0,0.16,2349,錸德,8.8
