,成交筆數,成交股數,成交金額,收盤價,日期,最低價,最高價,本益比,漲跌價差,證券代號,證券名稱,開盤價
0,56,"113,000","2,379,000",21.10,20191231,20.95,21.15,15.86,0.05,3028,增你強,21.00
1,79,"118,003","2,476,663",21.05,20191230,20.95,21.05,15.83,0.05,3028,增你強,21.05
2,90,"154,382","3,239,590",21.0,20191227,20.95,21.1,15.79,0.05,3028,增你強,20.95
3,76,"157,063","3,297,729",20.95,20191226,20.95,21.05,15.75,0.1,3028,增你強,21.05
4,64,"97,294","2,047,503",21.05,20191225,21.0,21.1,15.83,0.05,3028,增你強,21.1
5,74,"95,695","2,020,245",21.1,20191224,21.05,21.2,15.86,0.0,3028,增你強,21.2
6,128,"232,311","4,897,207",21.1,20191223,21.0,21.1,15.86,0.1,3028,增你強,21.0
7,97,"144,505","3,033,478",21.0,20191220,20.95,21.05,15.79,0.0,3028,增你強,21.05
8,166,"263,300","5,536,494",21.0,20191219,20.95,21.1,15.79,0.0,3028,增你強,21.05
9,170,"273,402","5,711,901",21.0,20191218,20.8,21.0,15.79,0.2,3028,增你強,20.8
10,113,"173,005","3,596,601",20.8,20191217,20.75,20.85,15.64,0.05,3028,增你強,20.75
11,107,"152,500","3,170,673",20.75,20191216,20.75,20.85,15.6,0.05,3028,增你強,20.75
12,96,"155,005","3,206,654",20.7,20191213,20.65,20.75,15.56,0.0,3028,增你強,20.75
13,143,"224,144","4,635,106",20.7,20191212,20.65,20.75,15.56,0.0,3028,增你強,20.7
14,105,"167,936","3,469,419",20.7,20191211,20.6,20.7,15.56,0.0,3028,增你強,20.7
15,88,"146,091","3,020,600",20.7,20191210,20.65,20.7,15.56,0.0,3028,增你強,20.7
16,121,"197,031","4,068,195",20.7,20191209,20.6,20.7,15.56,0.05,3028,增你強,20.65
17,93,"128,101","2,652,071",20.65,20191206,20.65,20.75,15.53,0.05,3028,增你強,20.7
18,135,"225,443","4,663,503",20.7,20191205,20.65,20.75,15.56,0.05,3028,增你強,20.65
19,210,"345,101","7,124,721",20.65,20191204,20.6,20.7,15.53,0.1,3028,增你強,20.7
20,115,"174,246","3,611,387",20.75,20191203,20.65,20.8,15.6,0.05,3028,增你強,20.8
21,164,"345,101","7,183,071",20.8,20191202,20.75,20.9,15.64,0.1,3028,增你強,20.8
22,90,"118,101","2,468,421",20.9,20191129,20.9,20.95,15.71,0.0,3028,增你強,20.9
23,55,"108,001","2,259,871",20.9,20191128,20.9,21.0,15.71,0.1,3028,增你強,21.0
24,106,"172,526","3,608,671",21.0,20191127,20.85,21.0,15.79,0.1,3028,增你強,20.9
25,96,"137,180","2,867,092",20.9,20191126,20.85,20.95,15.71,0.0,3028,增你強,20.9
26,93,"157,165","3,284,865",20.9,20191125,20.85,21.0,15.71,0.0,3028,增你強,21.0
27,52,"69,100","1,446,460",20.9,20191122,20.9,21.0,15.71,0.1,3028,增你強,21.0
28,93,"148,150","3,104,671",21.0,20191121,20.9,21.05,15.79,0.05,3028,增你強,20.95
29,70,"128,200","2,686,889",20.95,20191120,20.9,21.0,15.75,0.0,3028,增你強,20.95
30,127,"334,150","7,008,575",20.95,20191119,20.9,21.0,15.75,0.0,3028,增你強,20.95
31,125,"206,294","4,330,053",20.95,20191118,20.9,21.05,15.75,0.1,3028,增你強,21.05
32,70,"121,134","2,544,483",21.05,20191115,20.9,21.05,15.83,0.05,3028,增你強,20.95
33,82,"139,909","2,947,279",21.0,20191114,21.0,21.2,15.79,0.1,3028,增你強,21.2
34,86,"226,000","4,777,250",21.1,20191113,21.1,21.2,12.94,0.1,3028,增你強,21.1
35,69,"87,709","1,844,971",21.0,20191112,21.0,21.1,12.88,0.0,3028,增你強,21.1
36,287,"410,711","8,562,331",21.0,20191111,20.5,21.15,12.88,0.15,3028,增你強,21.15
37,59,"112,274","2,369,558",21.15,20191108,21.05,21.15,12.98,0.05,3028,增你強,21.15
38,120,"178,480","3,760,777",21.1,20191107,21.0,21.15,12.94,0.0,3028,增你強,21.1
39,96,"188,974","4,007,995",21.1,20191106,21.1,21.3,12.94,0.1,3028,增你強,21.2
40,124,"314,810","6,658,573",21.2,20191105,21.05,21.2,13.01,0.0,3028,增你強,21.2
41,129,"187,304","3,972,824",21.2,20191104,21.1,21.35,13.01,0.1,3028,增你強,21.35
42,111,"220,435","4,666,913",21.3,20191101,21.05,21.3,13.07,0.15,3028,增你強,21.15
43,65,"168,683","3,565,093",21.15,20191031,21.05,21.2,12.98,0.0,3028,增你強,21.15
44,64,"96,101","2,031,560",21.15,20191030,21.05,21.25,12.98,0.05,3028,增你強,21.2
45,86,"150,010","3,171,778",21.2,20191029,21.1,21.2,13.01,0.0,3028,增你強,21.2
46,116,"214,229","4,516,125",21.2,20191028,21.0,21.25,13.01,0.0,3028,增你強,21.25
47,82,"127,001","2,683,772",21.2,20191025,21.1,21.3,13.01,0.1,3028,增你強,21.3
48,77,"176,000","3,730,650",21.3,20191024,21.15,21.3,13.07,0.1,3028,增你強,21.2
49,55,"103,000","2,186,450",21.2,20191023,21.15,21.25,13.01,0.05,3028,增你強,21.25
50,40,"47,539","1,007,428",21.25,20191022,21.15,21.25,13.04,0.1,3028,增你強,21.15
51,50,"79,800","1,691,398",21.15,20191021,21.15,21.25,12.98,0.1,3028,增你強,21.25
52,64,"92,121","1,962,139",21.25,20191018,21.25,21.4,13.04,0.0,3028,增你強,21.25
53,56,"76,220","1,622,107",21.25,20191017,21.25,21.4,13.04,0.15,3028,增你強,21.4
54,102,"122,002","2,607,446",21.4,20191016,21.25,21.6,13.13,0.2,3028,增你強,21.6
55,228,"301,951","6,409,977",21.6,20191015,21.0,21.6,13.25,0.5,3028,增你強,21.1
56,84,"120,001","2,530,272",21.1,20191014,21.05,21.2,12.94,0.0,3028,增你強,21.1
57,44,"68,001","1,434,621",21.1,20191009,21.05,21.15,12.94,0.05,3028,增你強,21.15
58,93,"163,533","3,457,123",21.15,20191008,21.05,21.25,12.98,0.05,3028,增你強,21.2
59,46,"61,002","1,289,643",21.2,20191007,21.1,21.2,13.01,0.05,3028,增你強,21.1
60,52,"71,050","1,506,790",21.25,20191004,21.15,21.3,13.04,0.0,3028,增你強,21.25
61,69,"135,000","2,869,600",21.25,20191003,21.2,21.35,13.04,0.0,3028,增你強,21.35
62,60,"112,000","2,385,800",21.25,20191002,21.25,21.35,13.04,0.05,3028,增你強,21.3
63,104,"126,792","2,706,676",21.3,20191001,21.25,21.45,13.07,0.05,3028,增你強,21.4
64,107,"131,395","2,801,383",21.35,20190927,21.25,21.55,13.1,0.0,3028,增你強,21.55
65,85,"93,632","2,008,090",21.35,20190926,21.3,21.65,13.1,0.05,3028,增你強,21.3
66,115,"177,700","3,804,306",21.3,20190925,21.3,21.7,13.07,0.2,3028,增你強,21.7
67,261,"379,091","8,265,881",21.5,20190924,21.5,22.2,13.19,0.6,3028,增你強,22.2
68,646,"1,755,484","37,890,416",22.1,20190923,20.85,22.15,13.56,1.1,3028,增你強,21.15
69,90,"106,000","2,227,000",21.0,20190920,20.95,21.05,12.88,0.05,3028,增你強,21.05
70,42,"51,002","1,074,442",21.05,20190919,21.05,21.15,12.91,0.1,3028,增你強,21.05
71,169,"217,542","4,580,182",21.15,20190918,20.95,21.2,12.98,0.05,3028,增你強,21.1
72,58,"59,828","1,261,438",21.1,20190917,21.05,21.15,12.94,0.0,3028,增你強,21.15
73,109,"174,504","3,675,507",21.1,20190916,21.0,21.3,12.94,0.1,3028,增你強,21.2
74,55,"93,136","1,972,010",21.2,20190912,21.15,21.2,13.01,0.0,3028,增你強,21.2
75,103,"171,879","3,634,584",21.2,20190911,21.1,21.2,13.01,0.05,3028,增你強,21.15
76,230,"371,500","7,876,524",21.25,20190910,21.15,21.25,13.04,0.25,3028,增你強,21.2
77,75,"101,879","2,138,859",21.0,20190909,20.95,21.1,12.88,0.05,3028,增你強,21.0
78,140,"196,435","4,118,554",20.95,20190906,20.9,21.15,12.85,0.05,3028,增你強,21.15
79,83,"123,530","2,593,481",21.0,20190905,20.95,21.05,12.88,0.05,3028,增你強,21.05
80,82,"115,804","2,437,183",21.05,20190904,21.0,21.1,12.91,0.05,3028,增你強,21.1
81,52,"61,500","1,299,047",21.1,20190903,21.05,21.25,12.94,0.15,3028,增你強,21.25
82,105,"120,018","2,517,893",20.95,20190902,20.8,21.1,12.85,0.05,3028,增你強,20.9
83,115,"189,505","3,949,204",20.9,20190830,20.7,20.9,12.82,0.25,3028,增你強,20.75
84,109,"148,561","3,069,437",20.65,20190829,20.6,20.75,12.67,0.05,3028,增你強,20.75
85,92,"129,500","2,671,172",20.6,20190828,20.55,20.75,12.64,0.0,3028,增你強,20.6
86,109,"158,502","3,257,862",20.6,20190827,20.5,20.65,12.64,0.0,3028,增你強,20.6
87,172,"231,302","4,737,079",20.6,20190826,20.4,20.6,12.64,0.05,3028,增你強,20.5
88,105,"128,330","2,646,380",20.65,20190823,20.55,20.7,12.67,0.0,3028,增你強,20.65
89,150,"190,337","3,931,327",20.65,20190822,20.6,20.9,12.67,0.1,3028,增你強,20.9
90,179,"221,113","4,562,923",20.75,20190821,20.55,20.75,12.73,0.15,3028,增你強,20.7
91,115,"153,181","3,160,001",20.6,20190820,20.6,20.75,12.64,0.0,3028,增你強,20.75
92,194,"247,148","5,091,012",20.6,20190819,20.55,20.7,12.64,0.1,3028,增你強,20.7
93,141,"208,060","4,292,220",20.7,20190816,20.5,20.7,12.7,0.15,3028,增你強,20.5
94,440,"668,101","13,722,341",20.55,20190815,20.5,20.7,12.61,0.4,3028,增你強,20.5
95,108,"155,000","3,252,250",20.95,20190814,20.9,21.1,12.85,0.05,3028,增你強,21.0
96,261,"430,120","8,994,990",21.0,20190813,20.8,21.15,11.6,0.05,3028,增你強,21.15
97,168,"239,000","5,041,250",21.05,20190812,21.05,21.2,11.63,0.15,3028,增你強,21.2
