,成交筆數,成交股數,成交金額,收盤價,日期,最低價,最高價,本益比,漲跌價差,證券代號,證券名稱,開盤價
0,320,"521,451","9,351,001",17.90,20191231,17.85,18.00,0.00,0.10,3041,揚智,18.00
1,404,"843,537","15,222,396",18.0,20191230,17.95,18.15,0.0,0.05,3041,揚智,18.0
2,933,"2,205,454","39,678,067",17.95,20191227,17.8,18.2,0.0,0.15,3041,揚智,18.15
3,940,"2,622,842","48,025,856",18.1,20191226,18.05,18.5,0.0,0.05,3041,揚智,18.05
4,520,"921,597","16,633,566",18.05,20191225,17.95,18.15,0.0,0.1,3041,揚智,18.1
5,"1,369","2,369,729","42,638,998",17.95,20191224,17.75,18.4,0.0,0.25,3041,揚智,18.3
6,"1,328","2,100,120","38,570,413",18.2,20191223,18.1,18.8,0.0,0.5,3041,揚智,18.75
7,907,"1,369,071","25,616,055",18.7,20191220,18.6,19.05,0.0,0.2,3041,揚智,19.05
8,896,"1,761,787","33,413,824",18.9,20191219,18.8,19.15,0.0,0.05,3041,揚智,19.0
9,"1,293","2,745,156","51,856,499",18.85,20191218,18.7,19.15,0.0,0.35,3041,揚智,19.05
10,"4,055","8,266,549","157,829,753",19.2,20191217,18.2,19.6,0.0,1.0,3041,揚智,18.25
11,"1,209","2,464,249","44,978,428",18.2,20191216,18.1,18.4,0.0,0.15,3041,揚智,18.2
12,710,"1,248,948","22,357,534",18.05,20191213,17.75,18.15,0.0,0.15,3041,揚智,17.9
13,"1,588","4,044,257","74,280,277",17.9,20191212,17.9,18.75,0.0,0.5,3041,揚智,18.45
14,"1,183","2,902,842","53,007,325",18.4,20191211,18.05,18.4,0.0,0.5,3041,揚智,18.15
15,569,"920,701","16,517,890",17.9,20191210,17.85,18.15,0.0,0.15,3041,揚智,18.05
16,389,"647,992","11,733,732",18.05,20191209,18.0,18.25,0.0,0.05,3041,揚智,18.2
17,944,"2,026,109","36,961,445",18.1,20191206,17.85,18.5,0.0,0.2,3041,揚智,18.0
18,569,"918,646","16,484,884",17.9,20191205,17.8,18.2,0.0,0.05,3041,揚智,18.1
19,463,"723,422","12,975,952",17.95,20191204,17.8,18.15,0.0,0.25,3041,揚智,18.15
20,492,"805,340","14,550,334",18.2,20191203,17.75,18.25,0.0,0.3,3041,揚智,17.75
21,747,"1,375,639","24,785,762",17.9,20191202,17.85,18.4,0.0,0.5,3041,揚智,18.4
22,744,"1,459,569","26,783,589",18.4,20191129,18.15,18.75,0.0,0.05,3041,揚智,18.55
23,"1,151","2,097,723","39,303,997",18.45,20191128,18.45,19.15,0.0,0.55,3041,揚智,19.1
24,690,"1,451,412","27,691,378",19.0,20191127,19.0,19.3,0.0,0.1,3041,揚智,19.25
25,"1,201","2,609,808","50,380,544",19.1,20191126,19.05,19.65,0.0,0.4,3041,揚智,19.55
26,"2,859","7,187,902","139,421,647",19.5,20191125,18.85,19.85,0.0,0.75,3041,揚智,18.85
27,992,"2,108,789","40,033,412",18.75,20191122,18.75,19.3,0.0,0.35,3041,揚智,19.2
28,"1,469","3,326,857","63,933,896",19.1,20191121,19.0,19.4,0.0,0.0,3041,揚智,19.1
29,"1,632","3,689,509","71,007,637",19.1,20191120,19.0,19.5,0.0,0.25,3041,揚智,19.3
30,"3,544","11,107,570","214,009,842",19.35,20191119,18.85,19.75,0.0,0.05,3041,揚智,19.4
31,"3,530","8,080,787","152,625,579",19.4,20191118,17.85,19.4,0.0,1.75,3041,揚智,17.9
32,706,"1,428,543","25,266,873",17.65,20191115,17.45,17.95,0.0,0.15,3041,揚智,17.9
33,829,"1,507,562","27,024,251",17.8,20191114,17.8,18.15,0.0,0.05,3041,揚智,17.8
34,"1,273","2,432,010","43,543,186",17.75,20191113,17.3,18.15,0.0,0.4,3041,揚智,17.3
35,781,"1,467,864","25,496,070",17.35,20191112,17.1,17.6,0.0,0.25,3041,揚智,17.1
36,"1,020","2,039,940","35,619,159",17.1,20191111,17.05,18.05,0.0,1.05,3041,揚智,18.0
37,896,"1,527,067","27,703,694",18.15,20191108,17.95,18.3,0.0,0.3,3041,揚智,18.05
38,"1,198","2,325,598","41,819,102",17.85,20191107,17.8,18.3,0.0,0.45,3041,揚智,18.3
39,"2,611","4,992,215","91,455,011",18.3,20191106,18.05,19.1,0.0,0.6,3041,揚智,19.0
40,"4,380","8,000,778","157,442,008",18.9,20191105,18.7,20.95,0.0,1.85,3041,揚智,20.85
41,"4,962","10,281,796","215,376,100",20.75,20191104,20.3,21.6,0.0,0.0,3041,揚智,21.0
42,"1,909","5,318,744","67,756,017",12.75,20191023,12.6,12.95,0.0,0.15,3041,揚智,12.6
43,"2,348","7,846,962","100,406,989",12.6,20191022,12.6,13.05,0.0,0.25,3041,揚智,12.9
44,"2,788","7,665,520","99,144,033",12.85,20191021,12.75,13.4,0.0,0.55,3041,揚智,13.3
45,"2,024","6,363,953","86,039,151",13.4,20191018,13.35,13.8,0.0,0.15,3041,揚智,13.55
46,"1,996","6,265,956","84,908,719",13.55,20191017,13.4,13.8,0.0,0.05,3041,揚智,13.7
47,"2,803","8,039,658","110,805,289",13.6,20191016,13.55,14.0,0.0,0.05,3041,揚智,13.75
48,"2,340","6,808,711","93,221,223",13.55,20191015,13.55,13.9,0.0,0.05,3041,揚智,13.55
49,"5,012","16,435,275","228,253,593",13.6,20191014,13.45,14.6,0.0,0.7,3041,揚智,14.55
50,"2,661","10,886,273","154,192,752",14.3,20191009,14.0,14.3,0.0,0.2,3041,揚智,14.15
51,"3,431","11,457,256","162,557,234",14.1,20191008,14.0,14.55,0.0,0.2,3041,揚智,14.35
52,"10,613","34,795,441","507,742,591",14.3,20191007,14.2,15.0,0.0,0.3,3041,揚智,14.25
53,"3,407","11,725,998","163,527,915",14.0,20191004,13.75,14.15,0.0,0.3,3041,揚智,13.75
54,"3,642","11,306,515","156,743,460",13.7,20191003,13.65,14.15,0.0,0.3,3041,揚智,13.75
55,"4,314","14,478,589","196,733,498",14.0,20191002,13.2,14.0,0.0,0.5,3041,揚智,13.4
56,"4,710","16,164,540","222,722,011",13.5,20191001,13.5,14.1,0.0,0.05,3041,揚智,13.75
57,"6,614","21,928,054","299,396,418",13.45,20190927,13.35,14.25,0.0,0.8,3041,揚智,14.1
58,"8,299","25,164,848","362,726,231",14.25,20190926,14.0,14.85,0.0,0.25,3041,揚智,14.65
59,"10,605","30,629,591","439,111,858",14.5,20190925,13.8,14.65,0.0,0.2,3041,揚智,14.15
60,"22,351","68,291,422","995,059,370",14.3,20190924,13.65,15.3,0.0,0.3,3041,揚智,14.0
61,"19,634","68,755,858","926,553,135",14.0,20190923,12.75,14.1,0.0,1.15,3041,揚智,12.9
62,"11,036","47,101,810","588,593,300",12.85,20190920,11.9,12.85,0.0,1.15,3041,揚智,11.9
63,"2,537","7,950,762","91,752,763",11.7,20190919,11.25,11.7,0.0,0.5,3041,揚智,11.25
64,620,"1,452,375","16,350,649",11.2,20190918,11.2,11.35,0.0,0.05,3041,揚智,11.3
65,861,"3,344,467","37,860,409",11.25,20190917,11.2,11.45,0.0,0.0,3041,揚智,11.25
66,785,"2,141,549","24,281,036",11.25,20190916,11.25,11.5,0.0,0.15,3041,揚智,11.4
67,"1,364","4,790,975","55,230,400",11.4,20190912,11.35,11.65,0.0,0.05,3041,揚智,11.45
68,618,"1,732,529","19,714,902",11.35,20190911,11.3,11.55,0.0,0.0,3041,揚智,11.45
69,"2,146","6,550,002","75,443,068",11.35,20190910,11.3,11.85,0.0,0.45,3041,揚智,11.85
70,"1,133","3,072,661","35,897,778",11.8,20190909,11.6,11.8,0.0,0.1,3041,揚智,11.8
71,"1,229","3,077,340","36,019,130",11.7,20190906,11.6,11.85,0.0,0.05,3041,揚智,11.8
72,"3,468","12,169,298","145,748,442",11.75,20190905,11.7,12.3,0.0,0.15,3041,揚智,12.25
73,"1,721","5,482,381","64,107,740",11.9,20190904,11.45,11.9,0.0,0.45,3041,揚智,11.55
74,"1,640","5,672,033","65,961,980",11.45,20190903,11.45,11.75,0.0,0.15,3041,揚智,11.6
75,"1,169","2,921,031","33,885,303",11.6,20190902,11.55,11.75,0.0,0.05,3041,揚智,11.7
76,"1,864","5,531,317","64,390,493",11.55,20190830,11.5,11.9,0.0,0.15,3041,揚智,11.8
77,"5,255","20,076,560","238,309,363",11.7,20190829,11.6,12.15,0.0,0.15,3041,揚智,11.6
78,"2,923","8,760,296","101,943,663",11.55,20190828,11.45,11.8,0.0,0.1,3041,揚智,11.6
79,"2,168","6,611,769","76,786,589",11.45,20190827,11.4,11.8,0.0,0.1,3041,揚智,11.5
80,"1,391","3,573,411","40,961,062",11.35,20190826,11.2,11.7,0.0,0.15,3041,揚智,11.2
81,"1,350","5,137,456","59,268,839",11.5,20190823,11.35,11.65,0.0,0.1,3041,揚智,11.5
82,"2,433","8,118,856","94,384,255",11.4,20190822,11.35,11.9,0.0,0.25,3041,揚智,11.65
83,"5,196","16,140,457","190,997,399",11.65,20190821,11.55,12.15,0.0,0.2,3041,揚智,11.6
84,"1,352","3,512,574","40,702,648",11.45,20190820,11.4,11.8,0.0,0.1,3041,揚智,11.6
85,"2,202","6,556,406","76,241,174",11.55,20190819,11.4,11.85,0.0,0.25,3041,揚智,11.45
86,"1,556","3,991,547","45,185,913",11.3,20190816,11.2,11.5,0.0,0.2,3041,揚智,11.35
87,"1,325","3,748,061","41,845,783",11.1,20190815,10.9,11.4,0.0,0.2,3041,揚智,11.0
88,"2,613","9,198,400","106,361,067",11.3,20190814,11.3,11.85,0.0,0.0,3041,揚智,11.5
89,"2,223","6,896,775","78,371,504",11.3,20190813,11.2,11.6,0.0,0.5,3041,揚智,11.45
90,"5,052","14,857,167","173,909,717",11.8,20190812,11.35,12.05,0.0,0.75,3041,揚智,11.4
