,成交筆數,成交股數,成交金額,收盤價,日期,最低價,最高價,本益比,漲跌價差,證券代號,證券名稱,開盤價
0,817,"1,068,100","106,831,390",99.60,20191231,99.00,101.50,44.46,0.90,3530,晶相光,100.00
1,"2,031","2,672,292","272,735,345",100.5,20191230,100.0,104.0,44.87,0.5,3530,晶相光,102.0
2,"1,410","1,816,500","181,555,350",100.0,20191227,98.5,101.0,44.64,1.9,3530,晶相光,98.5
3,"1,371","1,682,511","166,453,227",98.1,20191226,97.5,100.5,43.79,1.3,3530,晶相光,97.5
4,474,"552,329","53,378,511",96.8,20191225,96.0,97.4,43.21,0.2,3530,晶相光,96.0
5,697,"903,282","87,391,854",96.6,20191224,95.7,98.7,43.12,0.7,3530,晶相光,98.0
6,661,"920,000","89,750,600",97.3,20191223,96.6,98.9,43.44,0.5,3530,晶相光,96.6
7,"1,155","1,473,400","144,670,917",96.8,20191220,96.8,100.5,43.21,3.2,3530,晶相光,100.0
8,"1,273","1,688,346","170,002,764",100.0,20191219,99.9,102.5,44.64,2.5,3530,晶相光,102.0
9,"3,772","5,227,399","538,758,297",102.5,20191218,99.8,105.0,45.76,3.3,3530,晶相光,99.8
10,"1,215","1,665,408","166,581,474",99.2,20191217,99.2,101.5,44.29,2.3,3530,晶相光,101.0
11,"3,175","4,492,735","450,547,601",101.5,20191216,98.2,102.0,45.31,2.4,3530,晶相光,99.7
12,"5,163","7,172,767","711,277,057",99.1,20191213,94.8,102.0,44.24,6.2,3530,晶相光,94.9
13,598,"747,064","70,026,196",92.9,20191212,92.7,95.4,41.47,1.1,3530,晶相光,94.7
14,457,"540,801","51,221,410",94.0,20191211,94.0,96.6,41.96,1.4,3530,晶相光,95.9
15,695,"934,155","89,811,970",95.4,20191210,95.1,98.0,42.59,1.0,3530,晶相光,96.9
16,"1,959","2,464,710","237,619,528",96.4,20191209,93.7,98.6,43.04,3.6,3530,晶相光,94.4
17,631,"715,320","66,135,494",92.8,20191206,90.2,94.1,41.43,3.2,3530,晶相光,90.5
18,246,"303,040","27,316,327",89.6,20191205,89.5,90.8,40.0,0.6,3530,晶相光,89.9
19,222,"257,250","22,920,250",89.0,20191204,88.5,90.0,39.73,1.3,3530,晶相光,90.0
20,262,"293,000","26,398,300",90.3,20191203,88.2,91.5,40.31,1.2,3530,晶相光,88.2
21,307,"353,540","31,698,500",89.1,20191202,88.5,91.8,39.78,2.7,3530,晶相光,91.8
22,206,"255,069","23,506,482",91.8,20191129,91.8,93.3,40.98,1.5,3530,晶相光,93.3
23,239,"294,050","27,474,244",93.3,20191128,92.9,94.8,41.65,1.0,3530,晶相光,94.5
24,340,"429,250","40,644,223",94.3,20191127,94.1,95.4,42.1,0.3,3530,晶相光,94.5
25,437,"539,005","50,767,680",94.0,20191126,93.2,95.4,41.96,0.1,3530,晶相光,94.4
26,"2,087","2,441,031","237,432,076",94.1,20191125,94.1,100.5,42.01,2.5,3530,晶相光,97.8
27,511,"585,400","53,178,639",91.6,20191122,88.6,91.6,40.89,3.1,3530,晶相光,88.6
28,160,"180,150","15,900,075",88.5,20191121,87.9,89.2,39.51,0.5,3530,晶相光,89.2
29,179,"203,000","18,148,200",89.0,20191120,89.0,90.0,39.73,0.1,3530,晶相光,89.9
30,162,"196,000","17,534,800",89.1,20191119,89.1,90.0,39.78,1.0,3530,晶相光,90.0
31,152,"182,001","16,432,992",90.1,20191118,89.6,91.2,40.22,0.2,3530,晶相光,91.2
32,313,"353,055","31,827,560",89.9,20191115,89.0,91.4,40.13,1.9,3530,晶相光,89.0
33,351,"414,000","36,674,800",88.0,20191114,87.8,90.0,39.29,1.9,3530,晶相光,90.0
34,243,"295,200","26,683,440",89.9,20191113,89.8,91.4,40.13,0.6,3530,晶相光,91.0
35,259,"297,200","26,847,700",90.5,20191112,89.3,91.5,52.92,0.2,3530,晶相光,90.9
36,737,"921,451","84,047,533",90.3,20191111,89.9,94.5,52.81,4.7,3530,晶相光,94.5
37,"1,292","1,690,870","161,701,684",95.0,20191108,93.8,99.5,55.56,4.6,3530,晶相光,99.2
38,"1,462","1,846,100","185,802,909",99.6,20191107,99.0,103.0,58.25,1.6,3530,晶相光,100.0
39,"1,023","1,351,100","133,950,979",98.0,20191106,97.8,101.5,57.31,2.5,3530,晶相光,101.0
40,"2,589","3,373,542","340,413,042",100.5,20191105,97.0,103.0,58.77,6.5,3530,晶相光,97.0
41,357,"414,425","38,802,062",94.0,20191104,92.5,94.5,54.97,0.9,3530,晶相光,93.7
42,302,"375,016","34,717,789",93.1,20191101,91.7,93.6,54.44,0.4,3530,晶相光,93.0
43,385,"471,501","44,213,342",92.7,20191031,92.7,95.1,54.21,0.9,3530,晶相光,94.8
44,238,"301,110","28,244,472",93.6,20191030,93.2,94.5,54.74,0.6,3530,晶相光,93.5
45,584,"737,232","69,727,424",93.0,20191029,93.0,97.0,54.39,2.8,3530,晶相光,96.0
46,376,"428,125","41,252,075",95.8,20191028,95.8,97.5,56.02,1.5,3530,晶相光,97.0
47,668,"901,091","88,457,590",97.3,20191025,97.1,99.8,56.9,1.3,3530,晶相光,99.6
48,735,"968,175","95,760,441",98.6,20191024,97.9,99.8,57.66,0.2,3530,晶相光,98.4
49,"1,431","1,722,022","169,075,578",98.4,20191023,95.3,99.6,57.54,3.4,3530,晶相光,95.3
50,253,"303,043","28,928,785",95.0,20191022,95.0,96.9,55.56,0.5,3530,晶相光,96.9
51,291,"328,401","31,197,734",95.5,20191021,93.8,96.0,55.85,1.1,3530,晶相光,94.4
52,465,"552,037","52,848,370",94.4,20191018,94.4,97.5,55.2,1.2,3530,晶相光,96.5
53,368,"440,200","41,935,000",95.6,20191017,94.7,96.2,55.91,0.1,3530,晶相光,95.2
54,470,"566,635","55,017,512",95.7,20191016,95.7,98.3,55.96,0.6,3530,晶相光,97.3
55,819,"1,040,127","100,320,782",96.3,20191015,94.1,98.7,56.32,1.7,3530,晶相光,98.3
56,552,"706,737","70,138,767",98.0,20191014,98.0,101.5,57.31,0.3,3530,晶相光,100.0
57,986,"1,242,000","123,584,400",98.3,20191009,97.0,101.0,57.49,0.3,3530,晶相光,97.1
58,"1,164","1,550,644","153,189,312",98.0,20191008,97.0,103.0,57.31,4.5,3530,晶相光,102.0
59,763,"1,020,219","104,999,776",102.5,20191007,101.0,104.5,59.94,1.5,3530,晶相光,101.0
60,500,"622,111","63,209,322",101.0,20191004,101.0,103.0,59.06,0.5,3530,晶相光,102.5
61,784,"1,025,500","103,440,000",101.5,20191003,98.0,103.0,59.36,1.0,3530,晶相光,99.0
62,"1,349","1,672,245","171,078,745",100.5,20191002,100.0,104.0,58.77,0.8,3530,晶相光,101.0
63,"1,524","2,087,440","212,262,265",99.7,20191001,99.4,104.5,58.3,3.3,3530,晶相光,102.5
64,"3,916","5,669,756","597,932,868",103.0,20190927,103.0,113.0,60.23,11.0,3530,晶相光,112.5
65,"3,825","5,176,330","593,328,620",114.0,20190926,112.5,117.5,66.67,1.0,3530,晶相光,114.5
66,"2,165","2,896,871","317,135,857",113.0,20190925,107.0,113.0,66.08,5.0,3530,晶相光,109.0
67,"5,677","7,834,201","883,633,208",108.0,20190924,108.0,117.0,63.16,1.5,3530,晶相光,114.0
68,"4,709","6,473,144","688,721,765",109.5,20190923,101.0,109.5,64.04,9.9,3530,晶相光,101.5
69,"1,349","1,644,091","163,766,409",99.6,20190920,98.0,101.0,58.25,1.1,3530,晶相光,99.5
70,"1,642","2,105,330","209,667,100",98.5,20190919,97.7,102.0,57.6,2.0,3530,晶相光,100.5
71,"5,497","7,644,401","778,607,600",100.5,20190918,99.2,105.0,58.77,4.5,3530,晶相光,100.0
72,548,"774,000","73,325,600",96.0,20190917,93.4,96.0,56.14,2.0,3530,晶相光,94.4
73,851,"1,080,486","103,617,398",94.0,20190916,93.9,98.2,54.97,2.6,3530,晶相光,97.1
74,"1,107","1,385,552","132,686,968",96.6,20190912,94.2,96.8,56.49,2.6,3530,晶相光,95.0
75,"1,736","2,110,238","199,774,343",94.0,20190911,93.0,96.5,54.97,1.5,3530,晶相光,95.8
76,722,"892,541","82,261,129",92.5,20190910,90.8,93.5,54.09,0.9,3530,晶相光,92.3
77,527,"673,350","61,229,825",91.6,20190909,88.7,92.2,53.57,2.6,3530,晶相光,90.0
78,472,"551,239","49,061,871",89.0,20190906,88.0,90.7,52.05,0.9,3530,晶相光,90.5
79,607,"722,000","65,919,400",89.9,20190905,89.9,93.4,52.57,1.4,3530,晶相光,91.8
80,436,"540,000","49,043,000",91.3,20190904,89.3,92.3,53.39,2.0,3530,晶相光,91.0
81,712,"867,128","79,363,116",89.3,20190903,89.3,93.1,52.22,1.8,3530,晶相光,91.4
82,654,"740,200","66,664,518",91.1,20190902,88.6,91.9,53.27,0.9,3530,晶相光,90.6
83,846,"1,016,345","93,479,012",92.0,20190830,90.7,93.5,53.8,1.8,3530,晶相光,92.1
84,"1,424","1,708,100","156,921,570",90.2,20190829,89.8,95.3,52.75,4.0,3530,晶相光,93.5
85,"2,275","2,946,303","288,851,317",94.2,20190828,94.2,103.0,55.09,5.8,3530,晶相光,101.5
86,"2,693","3,351,871","327,969,742",100.0,20190827,95.5,100.0,58.48,4.8,3530,晶相光,96.2
87,"3,204","4,006,400","391,378,100",95.2,20190826,95.2,100.5,55.67,0.0,3530,晶相光,95.2
88,"4,799","6,352,062","625,855,499",95.2,20190823,94.1,102.0,55.67,1.4,3530,晶相光,98.5
89,"3,211","4,311,727","395,244,692",93.8,20190822,88.0,93.8,54.85,8.5,3530,晶相光,88.6
90,"1,498","1,954,360","163,749,606",85.3,20190821,77.2,85.3,49.88,7.7,3530,晶相光,77.2
91,139,"179,000","13,870,500",77.6,20190820,77.2,77.8,45.38,0.3,3530,晶相光,77.3
92,128,"166,100","12,856,639",77.3,20190819,77.0,78.0,45.2,0.5,3530,晶相光,77.8
93,135,"183,500","14,217,900",77.8,20190816,76.9,78.3,45.5,1.1,3530,晶相光,77.5
94,181,"247,000","19,032,300",76.7,20190815,75.2,78.2,44.85,0.3,3530,晶相光,75.2
95,171,"198,025","15,185,775",76.4,20190814,75.9,78.1,44.68,0.2,3530,晶相光,78.1
96,623,"893,053","69,847,658",76.6,20190813,76.5,79.8,44.8,1.4,3530,晶相光,79.5
97,154,"184,103","13,763,825",75.2,20190812,73.8,75.4,45.03,1.4,3530,晶相光,73.8
