,成交筆數,成交股數,成交金額,收盤價,日期,最低價,最高價,本益比,漲跌價差,證券代號,證券名稱,開盤價
0,"2,659","11,285,585","155,186,546",13.60,20191231,13.55,13.90,14.32,0.00,3049,和鑫,13.65
1,784,"2,909,907","39,625,379",13.6,20191230,13.55,13.7,14.32,0.0,3049,和鑫,13.7
2,939,"3,569,492","48,612,402",13.6,20191227,13.55,13.7,14.32,0.05,3049,和鑫,13.6
3,"1,245","4,658,577","63,169,428",13.55,20191226,13.5,13.7,14.26,0.1,3049,和鑫,13.7
4,"1,354","5,351,413","73,137,329",13.65,20191225,13.55,13.8,14.37,0.1,3049,和鑫,13.6
5,"1,183","3,415,134","46,347,554",13.55,20191224,13.5,13.65,14.26,0.0,3049,和鑫,13.6
6,"1,810","6,287,846","85,884,215",13.55,20191223,13.55,13.85,14.26,0.25,3049,和鑫,13.8
7,945,"3,098,531","42,903,569",13.8,20191220,13.8,13.95,14.53,0.05,3049,和鑫,13.85
8,"1,215","4,307,029","59,818,290",13.85,20191219,13.8,14.0,14.58,0.1,3049,和鑫,13.95
9,"2,163","7,388,128","103,718,260",13.95,20191218,13.95,14.2,14.68,0.25,3049,和鑫,14.1
10,"4,318","15,629,501","221,773,707",14.2,20191217,14.0,14.35,14.95,0.15,3049,和鑫,14.1
11,"4,434","17,138,351","241,159,964",14.05,20191216,13.8,14.2,14.79,0.35,3049,和鑫,13.85
12,"1,230","5,422,983","74,700,705",13.7,20191213,13.7,13.85,14.42,0.0,3049,和鑫,13.8
13,"1,449","5,362,454","73,933,934",13.7,20191212,13.7,13.95,14.42,0.15,3049,和鑫,13.95
14,"1,562","6,024,498","83,681,038",13.85,20191211,13.8,14.0,14.58,0.0,3049,和鑫,13.95
15,"3,084","13,807,698","192,374,969",13.85,20191210,13.7,14.1,14.58,0.15,3049,和鑫,13.75
16,"1,968","7,123,160","98,365,826",13.7,20191209,13.7,13.95,14.42,0.1,3049,和鑫,13.75
17,"1,173","4,315,285","58,747,052",13.6,20191206,13.55,13.7,14.32,0.05,3049,和鑫,13.65
18,"2,362","8,324,197","113,320,459",13.65,20191205,13.5,13.7,14.37,0.15,3049,和鑫,13.55
19,"2,978","10,600,268","142,650,081",13.5,20191204,13.25,13.6,14.21,0.4,3049,和鑫,13.25
20,"1,087","3,464,655","45,430,482",13.1,20191203,12.95,13.2,13.79,0.05,3049,和鑫,13.0
21,"2,486","8,773,068","115,646,178",13.05,20191202,13.0,13.55,13.74,0.45,3049,和鑫,13.55
22,"1,082","3,664,576","49,533,666",13.5,20191129,13.45,13.65,14.21,0.05,3049,和鑫,13.6
23,"1,223","4,174,305","56,867,269",13.55,20191128,13.55,13.8,14.26,0.2,3049,和鑫,13.7
24,"2,756","9,925,643","136,618,795",13.75,20191127,13.55,13.9,14.47,0.25,3049,和鑫,13.6
25,958,"3,032,776","40,996,538",13.5,20191126,13.45,13.6,14.21,0.05,3049,和鑫,13.5
26,"1,110","3,292,665","44,352,451",13.45,20191125,13.35,13.55,14.16,0.05,3049,和鑫,13.45
27,891,"2,616,646","35,183,647",13.4,20191122,13.4,13.55,14.11,0.05,3049,和鑫,13.5
28,"1,225","3,566,243","47,894,498",13.45,20191121,13.35,13.5,14.16,0.1,3049,和鑫,13.5
29,903,"2,501,853","33,945,408",13.55,20191120,13.5,13.75,14.26,0.1,3049,和鑫,13.65
30,"1,659","6,215,106","85,401,480",13.65,20191119,13.65,13.85,14.37,0.0,3049,和鑫,13.7
31,"1,356","4,954,794","67,281,693",13.65,20191118,13.5,13.65,14.37,0.2,3049,和鑫,13.5
32,"1,602","5,654,632","76,111,803",13.45,20191115,13.3,13.6,14.16,0.1,3049,和鑫,13.3
33,"3,163","10,196,335","137,362,930",13.35,20191114,13.35,13.8,14.05,0.35,3049,和鑫,13.75
34,914,"2,794,163","38,440,822",13.7,20191113,13.7,13.85,14.42,0.05,3049,和鑫,13.75
35,994,"3,158,588","43,497,926",13.75,20191112,13.7,13.9,14.47,0.05,3049,和鑫,13.8
36,"1,445","5,634,096","77,870,505",13.7,20191111,13.7,14.0,14.42,0.2,3049,和鑫,13.95
37,"1,289","3,588,635","49,941,573",13.9,20191108,13.85,14.0,14.63,0.0,3049,和鑫,14.0
38,"1,807","8,503,551","118,643,495",13.9,20191107,13.85,14.1,14.63,0.0,3049,和鑫,14.0
39,"1,556","6,876,252","95,421,376",13.9,20191106,13.75,14.0,15.8,0.0,3049,和鑫,13.9
40,"1,448","4,592,073","64,019,399",13.9,20191105,13.85,14.05,15.8,0.1,3049,和鑫,13.95
41,"1,367","4,889,577","68,450,828",14.0,20191104,13.95,14.05,15.91,0.1,3049,和鑫,14.0
42,"1,848","6,078,532","84,176,950",13.9,20191101,13.7,13.95,15.8,0.1,3049,和鑫,13.75
43,"3,476","13,833,313","193,151,555",13.8,20191031,13.8,14.2,15.68,0.3,3049,和鑫,14.15
44,"2,470","8,883,261","125,644,261",14.1,20191030,14.05,14.3,16.02,0.15,3049,和鑫,14.25
45,"4,667","18,067,450","262,374,828",14.25,20191029,14.2,14.8,16.19,0.1,3049,和鑫,14.45
46,"1,371","4,479,026","64,511,258",14.35,20191028,14.35,14.55,16.31,0.1,3049,和鑫,14.55
47,"1,425","5,339,542","77,298,898",14.45,20191025,14.4,14.65,16.42,0.1,3049,和鑫,14.6
48,"2,053","7,867,704","114,235,145",14.55,20191024,14.4,14.65,16.53,0.15,3049,和鑫,14.5
49,"2,815","9,398,771","135,126,193",14.4,20191023,14.3,14.5,16.36,0.1,3049,和鑫,14.45
50,"4,871","15,434,059","226,368,188",14.5,20191022,14.5,14.9,16.48,0.2,3049,和鑫,14.8
51,"5,047","19,681,175","287,350,878",14.7,20191021,14.3,14.75,16.7,0.35,3049,和鑫,14.4
52,"1,932","7,576,412","109,147,806",14.35,20191018,14.35,14.5,16.31,0.0,3049,和鑫,14.45
53,"1,492","5,841,164","83,814,976",14.35,20191017,14.25,14.4,16.31,0.1,3049,和鑫,14.35
54,"2,222","7,314,042","104,901,983",14.25,20191016,14.2,14.5,16.19,0.05,3049,和鑫,14.4
55,"2,898","8,920,870","128,014,831",14.3,20191015,14.2,14.45,16.25,0.1,3049,和鑫,14.25
56,"1,874","5,161,989","73,366,226",14.2,20191014,14.15,14.3,16.14,0.15,3049,和鑫,14.25
57,"1,477","4,297,465","60,553,260",14.05,20191009,14.0,14.2,15.97,0.05,3049,和鑫,14.0
58,"1,740","4,436,889","62,506,896",14.0,20191008,14.0,14.3,15.91,0.15,3049,和鑫,14.2
59,"1,506","4,858,726","69,003,103",14.15,20191007,14.15,14.3,16.08,0.1,3049,和鑫,14.3
60,"2,821","9,167,127","131,507,289",14.25,20191004,14.25,14.5,16.19,0.05,3049,和鑫,14.45
61,"3,394","12,588,983","177,982,190",14.2,20191003,13.85,14.35,16.14,0.05,3049,和鑫,13.9
62,"3,145","10,558,487","150,815,684",14.25,20191002,14.15,14.4,16.19,0.05,3049,和鑫,14.35
63,"2,870","10,160,852","143,401,278",14.2,20191001,13.9,14.25,16.14,0.4,3049,和鑫,13.9
64,"4,149","16,173,123","224,430,367",13.8,20190927,13.65,14.2,15.68,0.3,3049,和鑫,14.1
65,"6,221","17,223,310","244,537,813",14.1,20190926,14.05,14.35,16.02,0.1,3049,和鑫,14.25
66,"4,155","15,122,372","216,721,066",14.2,20190925,14.2,14.55,16.14,0.5,3049,和鑫,14.55
67,"2,494","9,566,371","141,470,777",14.7,20190924,14.65,15.0,16.7,0.1,3049,和鑫,14.85
68,"1,864","7,244,165","107,134,818",14.8,20190923,14.7,14.9,16.82,0.05,3049,和鑫,14.75
69,"3,194","13,921,113","207,197,605",14.85,20190920,14.8,15.05,16.88,0.25,3049,和鑫,15.0
70,"5,937","23,427,563","353,060,262",15.1,20190919,14.85,15.3,17.16,0.05,3049,和鑫,15.25
71,"7,262","29,710,691","448,259,467",15.15,20190918,14.85,15.2,17.22,0.45,3049,和鑫,14.9
72,"2,090","9,427,619","139,030,426",14.7,20190917,14.65,14.85,16.7,0.15,3049,和鑫,14.8
73,"2,061","7,101,313","105,730,231",14.85,20190916,14.75,15.1,16.88,0.1,3049,和鑫,15.05
74,"2,552","10,460,871","156,742,374",14.95,20190912,14.9,15.1,16.99,0.15,3049,和鑫,15.0
75,"2,121","9,033,853","134,384,013",14.8,20190911,14.8,15.0,16.82,0.05,3049,和鑫,14.9
76,"4,663","19,656,073","290,924,718",14.85,20190910,14.6,15.15,16.88,0.3,3049,和鑫,15.1
77,"6,264","29,625,077","448,296,240",15.15,20190909,15.0,15.25,17.22,0.25,3049,和鑫,15.05
78,"6,193","25,900,214","387,539,494",14.9,20190906,14.75,15.15,16.93,0.25,3049,和鑫,15.0
79,"6,877","18,053,300","266,337,827",14.65,20190905,14.6,15.0,16.65,0.25,3049,和鑫,14.95
80,"8,462","31,543,488","471,850,397",14.9,20190904,14.8,15.2,16.93,0.4,3049,和鑫,14.8
81,"5,887","21,219,577","311,320,449",14.5,20190903,14.45,15.05,16.48,0.35,3049,和鑫,14.85
82,"8,071","30,926,321","451,333,114",14.85,20190902,14.1,14.95,16.88,0.75,3049,和鑫,14.2
83,"2,570","11,268,893","159,095,152",14.1,20190830,14.0,14.2,16.02,0.2,3049,和鑫,14.1
84,"3,119","11,210,944","157,827,358",13.9,20190829,13.9,14.3,15.8,0.15,3049,和鑫,14.2
85,"3,143","9,662,574","134,147,600",14.05,20190828,13.6,14.05,15.97,0.45,3049,和鑫,13.65
86,"1,256","3,806,945","52,041,196",13.6,20190827,13.6,13.75,15.45,0.05,3049,和鑫,13.7
87,"2,416","8,057,559","109,358,835",13.55,20190826,13.5,13.7,15.4,0.2,3049,和鑫,13.6
88,"2,741","9,503,545","131,146,429",13.75,20190823,13.7,13.95,15.62,0.15,3049,和鑫,13.95
89,"2,595","7,953,742","111,502,050",13.9,20190822,13.9,14.2,15.8,0.15,3049,和鑫,14.15
90,"1,624","4,970,632","69,971,258",14.05,20190821,14.0,14.2,15.97,0.0,3049,和鑫,14.15
91,"4,676","15,769,381","224,283,584",14.05,20190820,14.05,14.4,15.97,0.1,3049,和鑫,14.05
92,"1,765","6,119,324","85,633,038",13.95,20190819,13.95,14.1,15.85,0.05,3049,和鑫,14.0
93,"2,471","8,992,193","125,558,346",13.9,20190816,13.85,14.05,15.8,0.05,3049,和鑫,14.05
94,"1,985","6,656,142","92,411,510",13.95,20190815,13.7,14.05,15.85,0.0,3049,和鑫,13.75
95,"3,187","11,897,550","168,304,283",13.95,20190814,13.95,14.35,15.85,0.05,3049,和鑫,14.2
96,"1,840","6,303,524","87,920,428",13.9,20190813,13.85,14.05,15.8,0.15,3049,和鑫,13.9
97,"2,329","8,905,231","125,822,337",14.05,20190812,14.0,14.3,15.97,0.15,3049,和鑫,14.1
