,成交筆數,成交股數,成交金額,收盤價,日期,最低價,最高價,本益比,漲跌價差,證券代號,證券名稱,開盤價
0,295,"710,379","22,128,559",30.70,20191231,30.60,31.55,383.75,0.10,3055,蔚華科,30.60
1,102,"190,509","5,837,571",30.6,20191230,30.45,31.0,382.5,0.15,3055,蔚華科,30.45
2,288,"610,058","18,630,138",30.45,20191227,29.8,30.9,380.62,0.6,3055,蔚華科,29.8
3,145,"225,030","6,770,284",29.85,20191226,29.75,30.5,373.12,0.05,3055,蔚華科,29.75
4,205,"296,484","8,880,770",29.9,20191225,29.65,30.5,373.75,0.5,3055,蔚華科,30.0
5,183,"248,284","7,195,737",29.4,20191224,28.2,29.4,367.5,1.2,3055,蔚華科,28.2
6,122,"179,202","5,089,274",28.2,20191223,28.2,29.05,352.5,0.85,3055,蔚華科,28.5
7,668,"1,015,336","30,584,594",29.05,20191220,29.05,30.9,363.12,0.3,3055,蔚華科,29.95
8,277,"455,582","13,204,182",29.35,20191219,28.35,29.35,366.88,1.0,3055,蔚華科,28.35
9,81,"125,992","3,558,624",28.35,20191218,27.9,28.6,354.38,0.25,3055,蔚華科,28.6
10,479,"831,207","24,045,725",28.6,20191217,28.0,29.5,357.5,0.65,3055,蔚華科,28.4
11,244,"397,205","10,976,622",27.95,20191216,26.8,28.15,349.38,1.15,3055,蔚華科,26.8
12,60,"122,168","3,265,885",26.8,20191213,26.6,26.85,335.0,0.1,3055,蔚華科,26.8
13,159,"247,260","6,642,988",26.7,20191212,26.3,27.05,333.75,0.5,3055,蔚華科,26.3
14,98,"166,277","4,407,505",26.2,20191211,26.2,27.0,327.5,0.75,3055,蔚華科,27.0
15,204,"316,972","8,636,596",26.95,20191210,26.85,27.7,336.88,0.1,3055,蔚華科,27.7
16,163,"199,600","5,323,796",26.85,20191209,26.05,26.95,335.62,0.8,3055,蔚華科,26.05
17,35,"50,562","1,316,740",26.05,20191206,25.8,26.15,325.62,0.0,3055,蔚華科,25.8
18,21,"25,001","651,225",26.05,20191205,26.0,26.15,325.62,0.25,3055,蔚華科,26.0
19,22,"39,148","1,012,446",25.8,20191204,25.7,25.95,322.5,0.0,3055,蔚華科,25.7
20,82,"90,442","2,329,221",25.8,20191203,25.7,25.8,322.5,0.05,3055,蔚華科,25.7
21,25,"27,001","694,175",25.75,20191202,25.65,25.75,321.88,0.0,3055,蔚華科,25.75
22,19,"28,000","721,400",25.75,20191129,25.75,25.95,321.88,0.2,3055,蔚華科,25.95
23,3,"2,064","53,551",25.95,20191128,25.95,25.95,324.38,0.0,3055,蔚華科,25.95
24,26,"42,001","1,092,575",25.95,20191127,25.9,26.05,324.38,0.05,3055,蔚華科,26.0
25,37,"92,016","2,392,266",26.0,20191126,25.95,26.05,325.0,0.0,3055,蔚華科,26.05
26,35,"75,002","1,950,200",26.0,20191125,25.95,26.05,325.0,0.05,3055,蔚華科,26.0
27,20,"33,000","857,750",25.95,20191122,25.95,26.0,324.38,0.05,3055,蔚華科,26.0
28,23,"24,640","640,411",26.0,20191121,25.95,26.0,325.0,0.0,3055,蔚華科,25.95
29,46,"43,030","1,118,330",26.0,20191120,25.9,26.05,325.0,0.0,3055,蔚華科,26.0
30,34,"48,000","1,246,048",26.0,20191119,25.8,26.05,325.0,0.0,3055,蔚華科,26.05
31,31,"54,000","1,404,800",26.0,20191118,25.9,26.05,325.0,0.1,3055,蔚華科,25.9
32,73,"151,809","3,948,599",25.9,20191115,25.9,26.25,323.75,0.25,3055,蔚華科,26.0
33,43,"76,004","1,987,154",26.15,20191114,26.1,26.25,326.88,0.1,3055,蔚華科,26.15
34,30,"64,007","1,672,732",26.25,20191113,26.0,26.3,36.97,0.1,3055,蔚華科,26.1
35,38,"63,001","1,639,476",26.15,20191112,25.9,26.25,36.83,0.4,3055,蔚華科,25.9
36,36,"76,002","1,961,750",25.75,20191111,25.7,26.0,36.27,0.15,3055,蔚華科,25.9
37,42,"57,041","1,479,405",25.9,20191108,25.85,26.1,36.48,0.05,3055,蔚華科,25.85
38,59,"87,207","2,250,616",25.85,20191107,25.65,25.95,36.41,0.0,3055,蔚華科,25.95
39,50,"58,833","1,523,704",25.85,20191106,25.8,26.05,36.41,0.2,3055,蔚華科,26.05
40,29,"50,233","1,308,845",26.05,20191105,26.0,26.2,36.69,0.15,3055,蔚華科,26.05
41,39,"59,106","1,546,561",26.2,20191104,26.1,26.25,36.9,0.0,3055,蔚華科,26.2
42,19,"27,802","728,642",26.2,20191101,26.15,26.25,36.9,0.1,3055,蔚華科,26.15
43,49,"94,454","2,459,526",26.1,20191031,25.95,26.3,36.76,0.1,3055,蔚華科,26.0
44,38,"69,000","1,794,748",26.0,20191030,26.0,26.1,36.62,0.05,3055,蔚華科,26.05
45,44,"87,105","2,274,874",26.05,20191029,26.0,26.35,36.69,0.35,3055,蔚華科,26.35
46,26,"27,871","735,655",26.4,20191028,26.3,26.5,37.18,0.05,3055,蔚華科,26.35
47,35,"48,600","1,282,469",26.35,20191025,26.3,26.5,37.11,0.2,3055,蔚華科,26.35
48,37,"42,800","1,123,889",26.15,20191024,26.05,26.4,36.83,0.2,3055,蔚華科,26.35
49,50,"63,641","1,687,889",26.35,20191023,26.35,26.7,37.11,0.2,3055,蔚華科,26.5
50,89,"113,212","3,039,104",26.55,20191022,26.4,27.4,37.39,0.45,3055,蔚華科,27.05
51,470,"666,370","18,698,965",27.0,20191021,27.0,29.3,38.03,0.3,3055,蔚華科,27.2
52,133,"213,314","5,644,685",26.7,20191018,26.1,26.7,37.61,0.65,3055,蔚華科,26.1
53,17,"4,822,000","120,572,300",26.05,20191017,26.0,26.05,36.69,0.05,3055,蔚華科,26.0
54,38,"72,600","1,889,450",26.1,20191016,25.75,26.2,36.76,0.05,3055,蔚華科,26.0
55,31,"67,002","1,744,600",26.05,20191015,26.0,26.15,36.69,0.05,3055,蔚華科,26.0
56,20,"24,000","624,850",26.0,20191014,26.0,26.1,36.62,0.05,3055,蔚華科,26.0
57,28,"37,119","965,787",25.95,20191009,25.95,26.1,36.55,0.15,3055,蔚華科,26.1
58,77,"112,048","2,912,391",26.1,20191008,25.65,26.35,36.76,0.5,3055,蔚華科,25.65
59,53,"88,129","2,261,150",25.6,20191007,25.55,25.75,36.06,0.05,3055,蔚華科,25.65
60,45,"4,069,000","103,761,850",25.55,20191004,25.35,25.75,35.99,0.25,3055,蔚華科,25.75
61,12,"18,401","473,535",25.8,20191003,25.5,25.8,36.34,0.1,3055,蔚華科,25.5
62,31,"65,064","1,673,685",25.7,20191002,25.7,25.8,36.2,0.0,3055,蔚華科,25.7
63,68,"81,230","2,086,564",25.7,20191001,25.65,25.75,36.2,0.0,3055,蔚華科,25.7
64,42,"47,000","1,208,098",25.7,20190927,25.7,25.9,36.2,0.05,3055,蔚華科,25.9
65,34,"39,000","1,001,149",25.65,20190926,25.6,25.75,36.13,0.1,3055,蔚華科,25.7
66,52,"59,402","1,527,990",25.75,20190925,25.65,25.8,36.27,0.0,3055,蔚華科,25.7
67,40,"41,088","1,059,312",25.75,20190924,25.75,25.9,36.27,0.15,3055,蔚華科,25.9
68,17,"22,003","570,377",25.9,20190923,25.75,26.1,36.48,0.1,3055,蔚華科,25.8
69,86,"102,704","2,636,017",25.8,20190920,25.55,25.8,36.34,0.1,3055,蔚華科,25.7
70,12,"11,002","284,301",25.7,20190919,25.7,26.0,36.2,0.1,3055,蔚華科,26.0
71,69,"86,527","2,237,466",25.8,20190918,25.75,26.05,36.34,0.0,3055,蔚華科,25.9
72,30,"37,002","961,650",25.8,20190917,25.7,26.4,36.34,0.05,3055,蔚華科,26.4
73,71,"431,993","11,193,019",25.75,20190916,25.75,26.1,36.27,0.25,3055,蔚華科,25.95
74,253,"735,294","18,988,251",25.5,20190912,25.35,26.2,35.92,0.0,3055,蔚華科,26.0
75,189,"549,226","13,803,100",25.5,20190911,24.65,25.7,35.92,0.65,3055,蔚華科,24.85
76,21,"144,201","3,587,784",24.85,20190910,24.65,24.95,35.0,0.05,3055,蔚華科,24.9
77,73,"244,963","6,070,528",24.9,20190909,24.55,24.9,35.07,0.15,3055,蔚華科,24.55
78,73,"193,602","4,776,257",24.75,20190906,24.5,24.9,34.86,0.2,3055,蔚華科,24.75
79,31,"46,001","1,134,174",24.55,20190905,24.55,24.9,34.58,0.05,3055,蔚華科,24.65
80,74,"122,200","3,005,847",24.5,20190904,24.5,24.75,34.51,0.2,3055,蔚華科,24.75
81,109,"158,964","3,885,956",24.7,20190903,24.25,24.75,34.79,0.2,3055,蔚華科,24.4
82,382,"1,278,086","30,321,889",24.5,20190902,23.45,24.5,34.51,0.8,3055,蔚華科,23.6
83,572,"3,378,513","79,691,050",23.7,20190830,23.1,24.2,33.38,0.4,3055,蔚華科,24.1
84,689,"1,679,163","40,322,926",24.1,20190829,23.6,25.4,33.94,1.85,3055,蔚華科,25.1
85,985,"1,992,220","48,293,362",25.95,20190828,23.4,26.0,36.55,0.0,3055,蔚華科,25.7
86,15,"15,254","395,801",25.95,20190827,25.95,25.95,36.55,0.3,3055,蔚華科,25.95
87,35,"83,324","2,135,311",25.65,20190826,25.55,25.7,36.13,0.1,3055,蔚華科,25.7
88,24,"31,361","810,294",25.75,20190823,25.75,25.9,36.27,0.05,3055,蔚華科,25.85
89,12,"7,692","198,451",25.8,20190822,25.8,25.8,36.34,0.25,3055,蔚華科,25.8
90,53,"63,209","1,627,244",26.05,20190821,25.6,26.05,36.69,0.3,3055,蔚華科,25.75
91,24,"32,400","835,910",25.75,20190820,25.75,25.95,36.27,0.0,3055,蔚華科,25.75
92,26,"18,205","470,775",25.75,20190819,25.75,25.95,36.27,0.05,3055,蔚華科,25.75
93,15,"28,278","733,369",25.8,20190816,25.6,26.0,36.34,0.15,3055,蔚華科,25.7
94,27,"37,609","957,248",25.95,20190815,25.1,25.95,36.55,0.05,3055,蔚華科,25.4
95,25,"47,404","1,232,604",26.0,20190814,26.0,26.1,39.39,0.0,3055,蔚華科,26.0
96,13,"19,000","495,294",26.0,20190813,26.0,26.0,27.37,0.4,3055,蔚華科,26.0
97,25,"17,202","445,388",26.4,20190812,25.35,26.4,27.79,0.6,3055,蔚華科,25.35
