,成交筆數,成交股數,成交金額,收盤價,日期,最低價,最高價,本益比,漲跌價差,證券代號,證券名稱,開盤價
0,68,"89,050","6,045,400",68.00,20191231,67.50,68.50,12.90,0.10,3679,新至陞,67.50
1,74,"88,000","5,977,300",68.1,20191230,67.0,68.8,12.92,0.6,3679,新至陞,67.3
2,45,"53,000","3,586,800",67.5,20191227,67.5,68.1,12.81,0.1,3679,新至陞,67.8
3,25,"26,000","1,757,500",67.6,20191226,67.4,67.8,12.83,0.4,3679,新至陞,67.5
4,42,"50,665","3,402,653",68.0,20191225,66.7,68.1,12.9,1.0,3679,新至陞,66.9
5,82,"96,600","6,488,279",67.0,20191224,67.0,67.7,12.71,0.7,3679,新至陞,67.7
6,251,"310,265","21,392,952",67.7,20191223,67.5,70.0,12.85,0.2,3679,新至陞,68.2
7,63,"87,135","5,861,566",67.9,20191220,66.6,67.9,12.88,1.4,3679,新至陞,67.1
8,80,"94,350","6,250,673",66.5,20191219,65.7,66.9,12.62,0.0,3679,新至陞,66.9
9,68,"78,953","5,254,174",66.5,20191218,66.2,66.9,12.62,0.0,3679,新至陞,66.5
10,86,"100,600","6,708,619",66.5,20191217,66.4,67.2,12.62,0.5,3679,新至陞,67.2
11,112,"133,080","8,889,860",67.0,20191216,65.9,67.3,12.71,0.1,3679,新至陞,67.0
12,259,"325,600","22,058,940",66.9,20191213,66.7,69.4,12.69,2.1,3679,新至陞,69.4
13,478,"546,997","37,737,493",69.0,20191212,67.7,69.9,13.09,0.2,3679,新至陞,69.7
14,"1,041","1,364,345","93,072,467",69.2,20191211,66.2,69.5,13.13,5.2,3679,新至陞,66.6
15,43,"73,200","4,679,500",64.0,20191210,63.5,64.2,12.14,0.3,3679,新至陞,63.7
16,70,"92,930","5,869,554",63.7,20191209,62.4,63.7,12.09,1.7,3679,新至陞,62.4
17,80,"120,700","7,519,110",62.0,20191206,62.0,63.0,11.76,1.1,3679,新至陞,63.0
18,44,"58,015","3,653,040",63.1,20191205,62.5,63.3,11.97,0.7,3679,新至陞,63.0
19,97,"106,302","6,672,104",62.4,20191204,62.1,63.9,11.84,1.5,3679,新至陞,63.9
20,42,"46,330","2,952,488",63.9,20191203,63.2,64.0,12.13,0.7,3679,新至陞,63.2
21,116,"143,330","9,128,221",63.2,20191202,63.0,65.8,11.99,1.8,3679,新至陞,65.2
22,116,"134,626","8,797,325",65.0,20191129,64.9,66.7,12.33,1.7,3679,新至陞,66.7
23,89,"109,000","7,204,200",66.7,20191128,65.3,66.7,12.66,0.3,3679,新至陞,66.4
24,116,"185,400","12,269,920",66.4,20191127,65.7,67.0,12.6,0.1,3679,新至陞,67.0
25,125,"215,300","14,356,450",66.5,20191126,66.0,67.0,12.62,0.0,3679,新至陞,67.0
26,113,"141,280","9,460,947",66.5,20191125,66.4,67.6,12.62,0.3,3679,新至陞,67.1
27,399,"510,153","34,467,035",66.8,20191122,66.4,69.2,12.68,0.6,3679,新至陞,69.2
28,621,"939,790","62,389,509",67.4,20191121,64.1,67.6,12.79,3.4,3679,新至陞,65.3
29,118,"139,925","8,902,844",64.0,20191120,63.1,64.5,12.14,0.2,3679,新至陞,64.2
30,199,"238,840","15,456,279",64.2,20191119,64.0,65.5,12.18,0.9,3679,新至陞,65.5
31,403,"525,288","35,093,062",65.1,20191118,65.1,68.9,12.35,1.2,3679,新至陞,66.3
32,532,"639,575","43,272,980",66.3,20191115,66.2,69.3,12.58,0.6,3679,新至陞,66.3
33,250,"305,200","20,061,700",65.7,20191114,64.9,67.7,12.47,1.5,3679,新至陞,67.2
34,429,"557,644","37,866,648",67.2,20191113,66.9,70.5,12.75,3.3,3679,新至陞,70.0
35,359,"539,415","37,820,350",70.5,20191112,69.1,71.6,13.38,0.3,3679,新至陞,70.2
36,925,"1,153,048","82,171,265",70.2,20191111,69.2,73.1,13.32,1.2,3679,新至陞,70.5
37,745,"1,017,668","71,155,955",69.0,20191108,67.9,71.9,13.09,0.5,3679,新至陞,69.4
38,"1,707","2,142,885","151,913,548",68.5,20191107,68.1,73.8,13.0,1.1,3679,新至陞,71.1
39,"1,143","1,550,301","101,495,784",67.4,20191106,61.5,67.4,12.79,6.1,3679,新至陞,61.5
40,483,"802,640","48,907,326",61.3,20191105,59.5,61.3,11.63,5.5,3679,新至陞,60.4
41,133,"188,433","10,514,560",55.8,20191104,55.8,55.8,10.59,5.0,3679,新至陞,55.8
42,12,"10,290","521,416",50.8,20191101,50.6,50.8,11.42,0.1,3679,新至陞,50.7
43,22,"33,000","1,665,700",50.7,20191031,50.3,50.7,11.39,0.2,3679,新至陞,50.5
44,6,"6,000","303,500",50.5,20191030,50.5,50.6,11.35,0.1,3679,新至陞,50.6
45,18,"33,100","1,665,210",50.4,20191029,50.0,50.5,11.33,0.1,3679,新至陞,50.3
46,32,"39,193","1,976,269",50.3,20191028,50.2,51.1,11.3,0.5,3679,新至陞,50.6
47,30,"40,200","2,029,420",50.8,20191025,50.3,50.8,11.42,0.0,3679,新至陞,50.8
48,31,"35,079","1,775,788",50.8,20191024,50.4,51.4,11.42,0.2,3679,新至陞,51.4
49,30,"42,000","2,134,300",51.0,20191023,50.5,51.3,11.46,0.3,3679,新至陞,51.3
50,121,"188,206","9,690,006",51.3,20191022,50.9,52.1,11.53,0.2,3679,新至陞,51.1
51,84,"110,135","5,603,241",51.1,20191021,50.5,51.1,11.48,0.1,3679,新至陞,50.8
52,285,"369,511","18,645,965",51.0,20191018,47.65,51.9,11.46,3.5,3679,新至陞,47.65
53,21,"27,800","1,318,450",47.5,20191017,47.3,47.5,10.67,0.25,3679,新至陞,47.3
54,20,"25,200","1,187,510",47.25,20191016,47.0,47.5,10.62,0.2,3679,新至陞,47.5
55,6,"9,100","428,690",47.45,20191015,47.0,47.45,10.66,0.05,3679,新至陞,47.0
56,8,"12,000","568,750",47.5,20191014,47.05,47.65,10.67,0.65,3679,新至陞,47.45
57,2,"2,000","93,250",46.85,20191009,46.4,46.85,10.53,0.2,3679,新至陞,46.4
58,9,"6,504","305,338",47.05,20191008,46.6,47.55,10.57,0.4,3679,新至陞,47.55
59,13,"18,000","839,650",47.45,20191007,46.4,48.1,10.66,0.95,3679,新至陞,46.6
60,18,"25,400","1,180,600",46.5,20191004,46.35,46.6,10.45,0.0,3679,新至陞,46.5
61,3,"3,000","139,650",46.5,20191003,46.5,46.65,10.45,0.1,3679,新至陞,46.65
62,12,"11,433","528,661",46.6,20191002,46.0,46.6,10.47,0.05,3679,新至陞,46.4
63,5,"2,402","112,162",46.55,20191001,46.55,46.9,10.46,0.0,3679,新至陞,46.9
64,25,"32,000","1,485,600",46.55,20190927,46.0,46.7,10.46,0.35,3679,新至陞,46.7
65,16,"17,000","797,200",46.9,20190926,46.65,47.15,10.54,0.2,3679,新至陞,47.15
66,18,"19,200","912,869",47.1,20190925,47.1,47.7,10.58,0.1,3679,新至陞,47.4
67,18,"16,585","783,248",47.2,20190924,47.0,47.65,10.61,0.5,3679,新至陞,47.45
68,13,"18,192","865,608",47.7,20190923,47.45,47.8,10.72,0.1,3679,新至陞,47.8
69,7,"7,000","332,900",47.8,20190920,47.4,47.9,10.74,0.3,3679,新至陞,47.5
70,17,"44,000","2,096,200",47.5,20190919,47.5,48.1,10.67,0.6,3679,新至陞,48.1
71,51,"52,754","2,530,392",48.1,20190918,47.75,48.2,10.81,0.35,3679,新至陞,47.8
72,9,"11,294","538,194",47.75,20190917,47.6,47.75,10.73,0.15,3679,新至陞,47.6
73,9,"13,507","644,483",47.6,20190916,47.6,47.75,10.7,0.15,3679,新至陞,47.75
74,25,"39,600","1,882,660",47.75,20190912,47.35,47.8,10.73,0.35,3679,新至陞,47.4
75,32,"36,098","1,714,854",47.4,20190911,47.3,47.95,10.65,0.7,3679,新至陞,47.3
76,45,"45,082","2,141,925",48.1,20190910,47.0,48.1,10.81,0.05,3679,新至陞,47.7
77,6,"5,400","258,080",48.05,20190909,47.7,48.05,10.8,0.05,3679,新至陞,47.8
78,23,"23,600","1,129,030",48.0,20190906,47.5,48.1,10.79,0.1,3679,新至陞,48.0
79,225,"307,999","14,883,252",48.1,20190905,45.8,50.0,10.81,2.45,3679,新至陞,45.8
80,21,"35,850","1,618,660",45.65,20190904,45.0,45.65,10.26,0.45,3679,新至陞,45.1
81,16,"12,800","578,270",45.2,20190903,45.0,45.35,10.16,0.0,3679,新至陞,45.0
82,14,"24,600","1,106,010",45.2,20190902,44.7,45.2,10.16,0.6,3679,新至陞,44.7
83,26,"35,000","1,565,000",44.6,20190830,44.6,44.95,10.02,0.3,3679,新至陞,44.9
84,26,"31,402","1,403,629",44.9,20190829,44.35,45.0,10.09,0.15,3679,新至陞,44.35
85,16,"17,800","801,130",44.75,20190828,44.7,45.2,10.06,0.45,3679,新至陞,45.0
86,16,"18,200","806,460",44.3,20190827,44.25,44.45,9.96,0.1,3679,新至陞,44.25
87,8,"8,000","354,850",44.4,20190826,44.0,44.6,9.98,0.2,3679,新至陞,44.0
88,6,"6,000","267,500",44.6,20190823,44.5,44.6,10.02,0.0,3679,新至陞,44.6
89,33,"81,800","3,623,620",44.6,20190822,44.1,44.6,10.02,0.3,3679,新至陞,44.3
90,73,"106,200","4,692,140",44.3,20190821,44.1,44.3,9.96,0.1,3679,新至陞,44.2
91,41,"51,800","2,289,260",44.2,20190820,44.05,44.2,9.93,0.1,3679,新至陞,44.05
92,17,"18,001","795,244",44.1,20190819,44.1,44.2,9.91,0.05,3679,新至陞,44.2
93,23,"18,970","836,724",44.15,20190816,44.05,44.2,9.92,0.05,3679,新至陞,44.2
94,12,"15,090","661,578",44.2,20190815,43.0,44.2,9.93,0.2,3679,新至陞,44.0
95,32,"61,550","2,708,450",44.0,20190814,43.95,44.15,9.89,0.2,3679,新至陞,44.15
96,20,"24,800","1,089,270",43.8,20190813,43.8,44.0,9.84,0.15,3679,新至陞,44.0
97,18,"20,700","909,350",43.95,20190812,43.6,44.05,9.88,0.3,3679,新至陞,44.0
