,成交筆數,成交股數,成交金額,收盤價,日期,最低價,最高價,本益比,漲跌價差,證券代號,證券名稱,開盤價
0,350,"676,500","15,362,175",22.65,20191231,22.60,22.95,7.78,0.15,3535,晶彩科,22.80
1,438,"788,578","18,055,247",22.8,20191230,22.8,23.2,7.84,0.3,3535,晶彩科,23.2
2,650,"1,408,053","32,658,424",23.1,20191227,23.05,23.6,7.94,0.25,3535,晶彩科,23.55
3,927,"1,835,661","42,703,729",23.35,20191226,23.05,23.5,8.02,0.0,3535,晶彩科,23.3
4,"3,618","8,108,824","188,539,251",23.35,20191225,22.85,23.65,8.02,0.5,3535,晶彩科,23.05
5,"1,214","2,671,012","59,774,621",22.85,20191224,21.75,22.85,7.85,0.7,3535,晶彩科,22.25
6,325,"539,310","11,952,300",22.15,20191223,22.0,22.55,7.61,0.15,3535,晶彩科,22.5
7,362,"613,140","13,649,301",22.3,20191220,22.1,22.5,7.66,0.0,3535,晶彩科,22.4
8,330,"641,501","14,374,772",22.3,20191219,22.2,22.8,7.66,0.2,3535,晶彩科,22.7
9,487,"882,156","19,921,984",22.5,20191218,22.45,22.7,7.73,0.05,3535,晶彩科,22.6
10,"1,241","2,295,926","51,989,647",22.45,20191217,22.4,23.15,7.71,0.55,3535,晶彩科,23.05
11,"2,052","3,970,622","91,849,106",23.0,20191216,22.95,23.6,7.9,1.0,3535,晶彩科,23.6
12,"7,366","19,666,119","492,246,956",24.0,20191213,24.0,25.6,8.25,0.7,3535,晶彩科,24.95
13,"1,074","2,324,518","53,468,717",23.3,20191212,22.7,23.4,8.01,0.6,3535,晶彩科,22.9
14,564,"1,008,253","22,860,691",22.7,20191211,22.4,22.9,7.8,0.45,3535,晶彩科,22.7
15,251,"585,013","13,039,986",22.25,20191210,22.2,22.4,7.65,0.05,3535,晶彩科,22.25
16,298,"700,001","15,651,972",22.2,20191209,22.2,22.6,7.63,0.15,3535,晶彩科,22.6
17,734,"1,520,290","34,110,965",22.35,20191206,22.2,22.65,7.68,0.3,3535,晶彩科,22.2
18,542,"909,250","20,172,261",22.05,20191205,21.95,22.45,7.58,0.35,3535,晶彩科,21.95
19,232,"471,001","10,246,521",21.7,20191204,21.65,22.0,7.46,0.1,3535,晶彩科,21.95
20,369,"564,001","12,138,371",21.8,20191203,21.1,21.9,7.49,0.6,3535,晶彩科,21.2
21,553,"1,342,400","29,027,109",21.2,20191202,21.2,22.15,7.29,0.8,3535,晶彩科,22.05
22,356,"705,548","15,618,193",22.0,20191129,21.9,22.5,7.56,0.15,3535,晶彩科,22.35
23,460,"975,110","21,897,170",22.15,20191128,22.15,22.7,7.61,0.3,3535,晶彩科,22.45
24,639,"1,226,750","27,352,236",22.45,20191127,21.9,22.6,7.71,0.45,3535,晶彩科,22.0
25,819,"1,494,592","33,288,724",22.0,20191126,22.0,22.75,7.56,0.45,3535,晶彩科,22.55
26,"1,193","2,141,505","48,860,610",22.45,20191125,22.35,23.1,7.71,0.1,3535,晶彩科,22.6
27,"3,742","7,528,703","171,166,536",22.55,20191122,22.35,23.15,7.75,0.25,3535,晶彩科,22.5
28,"2,254","4,478,551","97,376,535",22.3,20191121,20.05,22.3,7.66,2.0,3535,晶彩科,20.25
29,432,"910,677","18,499,527",20.3,20191120,20.0,20.65,6.98,0.25,3535,晶彩科,20.6
30,366,"567,000","11,754,550",20.55,20191119,20.55,21.05,7.06,0.35,3535,晶彩科,20.9
31,223,"398,183","8,352,382",20.9,20191118,20.85,21.2,7.18,0.05,3535,晶彩科,21.2
32,434,"742,207","15,342,526",20.95,20191115,20.4,20.95,7.2,0.4,3535,晶彩科,20.55
33,467,"838,150","17,441,388",20.55,20191114,20.5,21.1,7.06,0.55,3535,晶彩科,21.1
34,518,"840,013","17,633,375",21.1,20191113,20.6,21.25,7.25,0.25,3535,晶彩科,20.85
35,"1,417","3,219,100","66,283,800",20.85,20191112,20.2,21.0,7.16,0.1,3535,晶彩科,20.75
36,"1,794","4,739,699","101,656,392",20.75,20191111,20.75,22.5,7.13,2.3,3535,晶彩科,22.5
37,263,"557,101","12,869,887",23.05,20191108,23.05,23.45,7.92,0.1,3535,晶彩科,23.1
38,434,"1,288,526","29,724,152",23.15,20191107,23.0,23.2,7.06,0.0,3535,晶彩科,23.2
39,439,"1,022,138","23,634,793",23.15,20191106,23.05,23.35,7.06,0.1,3535,晶彩科,23.35
40,270,"447,909","10,461,096",23.25,20191105,23.25,23.55,7.09,0.05,3535,晶彩科,23.35
41,487,"865,220","20,231,035",23.2,20191104,23.2,23.6,7.07,0.35,3535,晶彩科,23.4
42,500,"831,420","19,617,831",23.55,20191101,23.5,24.0,7.18,0.4,3535,晶彩科,23.95
43,644,"1,063,002","25,796,748",23.95,20191031,23.9,24.6,7.3,0.3,3535,晶彩科,24.3
44,463,"876,052","21,212,110",24.25,20191030,23.8,24.35,7.39,0.3,3535,晶彩科,23.8
45,"1,057","1,846,869","44,821,358",23.95,20191029,23.9,24.6,7.3,0.15,3535,晶彩科,23.9
46,337,"538,240","12,871,872",23.8,20191028,23.7,24.25,7.26,0.2,3535,晶彩科,24.05
47,270,"451,003","10,851,172",24.0,20191025,23.95,24.2,7.32,0.3,3535,晶彩科,24.05
48,376,"757,942","18,349,951",24.3,20191024,24.0,24.35,7.41,0.4,3535,晶彩科,24.0
49,344,"637,500","15,340,700",23.9,20191023,23.9,24.25,7.29,0.2,3535,晶彩科,24.2
50,651,"1,447,354","35,276,101",24.1,20191022,24.1,24.85,7.35,0.45,3535,晶彩科,24.75
51,474,"936,001","22,835,574",24.55,20191021,24.15,24.6,7.48,0.25,3535,晶彩科,24.35
52,472,"794,500","19,265,050",24.3,20191018,24.1,24.4,7.41,0.25,3535,晶彩科,24.3
53,410,"681,926","16,318,128",24.05,20191017,23.65,24.1,7.33,0.45,3535,晶彩科,23.75
54,663,"1,151,011","27,659,262",23.6,20191016,23.6,24.4,7.2,0.2,3535,晶彩科,23.95
55,"1,014","1,641,200","38,959,510",23.8,20191015,23.3,23.95,7.26,0.7,3535,晶彩科,23.3
56,685,"1,834,070","42,426,988",23.1,20191014,23.1,23.35,7.04,0.0,3535,晶彩科,23.1
57,826,"1,694,201","39,264,872",23.1,20191009,23.0,23.55,7.04,0.6,3535,晶彩科,23.55
58,378,"748,030","17,846,720",23.7,20191008,23.7,24.15,7.23,0.35,3535,晶彩科,24.15
59,697,"1,336,090","32,466,591",24.05,20191007,24.05,24.6,7.33,0.1,3535,晶彩科,24.15
60,340,"698,500","16,609,900",23.95,20191004,23.6,23.95,7.3,0.35,3535,晶彩科,23.75
61,226,"401,001","9,471,873",23.6,20191003,23.4,23.75,7.2,0.15,3535,晶彩科,23.5
62,307,"521,000","12,394,400",23.75,20191002,23.6,24.1,7.24,0.05,3535,晶彩科,23.7
63,436,"813,101","19,557,424",23.8,20191001,23.8,24.35,7.26,0.4,3535,晶彩科,24.25
64,"1,175","2,622,005","61,993,321",24.2,20190927,23.1,24.3,7.38,0.35,3535,晶彩科,24.0
65,449,"883,002","21,153,748",23.85,20190926,23.8,24.15,7.27,0.05,3535,晶彩科,24.05
66,"1,034","2,178,501","51,996,173",23.9,20190925,23.55,24.2,7.29,0.25,3535,晶彩科,24.2
67,"1,095","2,099,190","51,085,935",24.15,20190924,24.05,25.0,7.36,0.7,3535,晶彩科,25.0
68,848,"1,478,584","37,127,457",24.85,20190923,24.75,25.5,7.58,0.1,3535,晶彩科,25.5
69,"1,174","2,071,540","51,032,807",24.75,20190920,24.25,25.0,7.55,0.65,3535,晶彩科,24.4
70,356,"727,002","17,618,599",24.1,20190919,24.1,24.45,7.35,0.05,3535,晶彩科,24.4
71,530,"934,560","22,636,102",24.15,20190918,24.1,24.4,7.36,0.05,3535,晶彩科,24.25
72,580,"1,036,000","25,020,200",24.1,20190917,24.0,24.35,7.35,0.05,3535,晶彩科,24.25
73,737,"1,439,042","34,915,812",24.05,20190916,24.05,24.65,7.33,0.45,3535,晶彩科,24.65
74,"1,052","2,127,531","52,292,140",24.5,20190912,24.4,24.8,7.47,0.15,3535,晶彩科,24.65
75,"2,853","6,275,101","153,563,325",24.65,20190911,24.15,24.8,7.52,1.9,3535,晶彩科,24.15
76,"1,078","1,930,100","51,584,914",26.55,20190910,26.55,27.35,8.09,0.5,3535,晶彩科,27.0
77,"1,163","2,031,623","55,333,785",27.05,20190909,27.05,27.9,8.25,0.6,3535,晶彩科,27.65
78,871,"1,601,853","44,565,610",27.65,20190906,27.6,28.2,8.43,0.3,3535,晶彩科,28.0
79,"1,785","3,204,122","89,912,107",27.95,20190905,27.75,28.55,8.52,0.3,3535,晶彩科,28.55
80,"3,096","6,650,530","187,490,802",28.25,20190904,27.55,28.5,8.61,0.9,3535,晶彩科,27.6
81,895,"1,741,202","47,576,753",27.35,20190903,27.05,27.65,8.34,0.25,3535,晶彩科,27.35
82,"1,511","2,710,119","73,542,588",27.1,20190902,26.85,27.55,8.26,0.4,3535,晶彩科,27.4
83,"1,888","3,570,506","99,966,667",27.5,20190830,27.5,28.6,8.38,0.7,3535,晶彩科,28.5
84,"2,125","4,023,411","114,570,020",28.2,20190829,28.1,29.3,8.6,0.65,3535,晶彩科,28.8
85,"3,594","6,455,471","184,703,301",28.85,20190828,27.65,29.15,8.8,1.05,3535,晶彩科,27.8
86,"1,701","3,126,596","87,457,638",27.8,20190827,27.65,28.25,8.48,0.25,3535,晶彩科,27.8
87,"2,556","4,507,751","126,142,275",27.55,20190826,27.55,28.6,8.4,1.4,3535,晶彩科,28.05
88,"5,014","9,873,501","282,633,877",28.95,20190823,27.5,29.4,8.83,1.6,3535,晶彩科,27.65
89,"1,295","2,949,153","81,847,560",27.35,20190822,27.35,28.2,8.34,0.5,3535,晶彩科,28.2
90,"1,398","2,541,033","70,215,462",27.85,20190821,27.2,27.95,8.49,0.7,3535,晶彩科,27.2
91,796,"1,516,110","41,448,175",27.15,20190820,27.15,27.65,8.28,0.15,3535,晶彩科,27.4
92,"1,475","3,119,101","85,671,264",27.3,20190819,27.05,27.75,8.32,0.6,3535,晶彩科,27.2
93,781,"1,408,290","37,743,655",26.7,20190816,26.55,27.05,8.14,0.3,3535,晶彩科,26.65
94,"1,023","1,949,001","51,623,626",26.4,20190815,26.3,26.7,8.05,0.6,3535,晶彩科,26.3
95,"1,565","3,190,320","88,109,872",27.0,20190814,27.0,28.2,8.23,0.6,3535,晶彩科,28.15
96,"2,264","3,935,200","107,567,107",27.6,20190813,26.7,28.05,8.41,0.05,3535,晶彩科,27.2
97,"3,967","7,534,769","211,005,688",27.55,20190812,27.55,28.9,8.4,1.0,3535,晶彩科,28.0
