,成交筆數,成交股數,成交金額,收盤價,日期,最低價,最高價,本益比,漲跌價差,證券代號,證券名稱,開盤價
0,644,"884,541","110,130,543",123.00,20191231,122.00,126.50,16.55,1.00,4190,佐登-KY,124.50
1,782,"968,055","118,815,343",124.0,20191230,121.5,124.0,16.69,3.0,4190,佐登-KY,122.0
2,580,"795,600","94,888,100",121.0,20191227,116.0,121.0,16.29,4.0,4190,佐登-KY,117.5
3,425,"552,200","65,766,900",117.0,20191226,117.0,121.0,15.75,1.0,4190,佐登-KY,118.5
4,180,"229,450","27,099,100",118.0,20191225,117.5,118.5,15.88,1.0,4190,佐登-KY,118.5
5,253,"355,725","42,105,775",119.0,20191224,117.0,120.0,16.02,1.5,4190,佐登-KY,120.0
6,379,"472,339","56,242,348",120.5,20191223,117.0,120.5,16.22,2.0,4190,佐登-KY,117.0
7,"1,303","1,732,539","209,498,371",118.5,20191220,118.5,124.5,15.95,2.5,4190,佐登-KY,123.5
8,"2,474","3,635,687","446,980,280",121.0,20191219,120.0,126.0,16.29,2.5,4190,佐登-KY,121.5
9,"1,062","1,695,100","202,219,300",118.5,20191218,117.5,120.5,15.95,1.0,4190,佐登-KY,117.5
10,421,"596,022","69,632,074",117.5,20191217,115.5,118.0,15.81,1.0,4190,佐登-KY,116.0
11,854,"1,236,810","143,760,362",116.5,20191216,112.5,118.0,15.68,3.0,4190,佐登-KY,112.5
12,864,"1,266,271","142,595,026",113.5,20191213,110.0,116.0,15.28,2.0,4190,佐登-KY,115.5
13,910,"1,256,549","145,014,906",115.5,20191212,113.5,117.0,15.55,0.5,4190,佐登-KY,115.0
14,"1,049","1,425,917","161,394,495",115.0,20191211,109.5,115.0,15.48,4.5,4190,佐登-KY,111.0
15,528,"665,331","73,598,242",110.5,20191210,109.5,112.0,14.87,0.5,4190,佐登-KY,110.0
16,"1,480","2,085,552","232,050,220",110.0,20191209,109.5,113.5,14.8,3.0,4190,佐登-KY,110.0
17,419,"504,552","53,312,564",107.0,20191206,103.5,107.0,14.4,3.5,4190,佐登-KY,103.5
18,214,"286,000","29,730,500",103.5,20191205,103.0,105.0,13.93,2.0,4190,佐登-KY,105.0
19,215,"252,059","26,542,813",105.5,20191204,104.0,106.0,14.2,1.0,4190,佐登-KY,104.5
20,147,"183,000","19,025,500",104.5,20191203,103.0,105.0,14.06,0.0,4190,佐登-KY,103.5
21,192,"234,012","24,274,766",104.5,20191202,102.5,104.5,14.06,1.5,4190,佐登-KY,103.5
22,161,"183,000","18,944,500",103.0,20191129,102.5,105.0,13.86,2.0,4190,佐登-KY,105.0
23,243,"311,040","32,725,200",105.0,20191128,104.0,106.0,14.13,1.0,4190,佐登-KY,104.0
24,163,"189,124","19,665,396",104.0,20191127,103.0,105.0,14.0,1.0,4190,佐登-KY,103.0
25,185,"228,168","23,543,972",103.0,20191126,102.5,104.0,13.86,0.5,4190,佐登-KY,103.5
26,370,"470,091","49,839,916",103.5,20191125,103.0,108.5,13.93,3.0,4190,佐登-KY,107.5
27,373,"465,136","49,200,416",106.5,20191122,104.5,107.0,14.33,1.5,4190,佐登-KY,105.0
28,248,"305,252","31,786,333",105.0,20191121,103.0,105.0,14.13,0.5,4190,佐登-KY,103.5
29,338,"462,345","48,042,380",104.5,20191120,103.0,104.5,14.06,1.5,4190,佐登-KY,103.5
30,364,"540,036","55,912,172",103.0,20191119,102.0,104.5,13.86,1.0,4190,佐登-KY,102.5
31,123,"177,000","18,071,500",102.0,20191118,101.5,102.5,13.73,0.0,4190,佐登-KY,102.0
32,108,"127,160","12,952,980",102.0,20191115,101.5,102.5,13.73,0.5,4190,佐登-KY,102.0
33,170,"194,330","19,799,495",101.5,20191114,101.0,103.0,13.66,0.5,4190,佐登-KY,101.5
34,131,"162,499","16,552,899",102.0,20191113,101.5,102.0,13.73,0.0,4190,佐登-KY,102.0
35,259,"372,373","37,730,673",102.0,20191112,99.2,102.0,13.73,1.0,4190,佐登-KY,101.0
36,258,"314,199","31,325,000",101.0,20191111,99.0,101.0,12.66,0.0,4190,佐登-KY,101.0
37,86,"99,000","10,033,000",101.0,20191108,101.0,102.0,12.66,0.5,4190,佐登-KY,101.5
38,159,"252,060","25,571,560",101.5,20191107,100.5,102.0,12.72,0.0,4190,佐登-KY,101.5
39,168,"193,295","19,800,385",101.5,20191106,101.5,104.0,12.72,2.5,4190,佐登-KY,104.0
40,322,"393,242","40,683,426",104.0,20191105,102.0,105.5,13.03,0.0,4190,佐登-KY,105.0
41,332,"389,100","40,462,350",104.0,20191104,103.0,105.0,13.03,1.5,4190,佐登-KY,103.5
42,202,"258,554","26,579,562",102.5,20191101,102.0,103.5,12.84,0.5,4190,佐登-KY,103.0
43,150,"186,700","19,165,900",102.0,20191031,102.0,103.0,12.78,0.5,4190,佐登-KY,102.5
44,277,"339,010","34,797,523",102.5,20191030,101.5,103.5,12.84,1.0,4190,佐登-KY,101.5
45,230,"288,221","29,406,321",101.5,20191029,101.0,103.0,12.72,0.5,4190,佐登-KY,103.0
46,315,"434,541","44,048,682",102.0,20191028,99.7,102.5,12.78,1.5,4190,佐登-KY,101.5
47,235,"344,100","34,717,300",100.5,20191025,99.5,101.5,12.59,0.5,4190,佐登-KY,100.5
48,244,"326,085","32,892,042",100.0,20191024,100.0,102.0,12.53,0.5,4190,佐登-KY,101.5
49,367,"501,152","50,050,828",100.5,20191023,98.6,101.0,12.59,1.9,4190,佐登-KY,98.6
50,157,"197,000","19,284,300",98.6,20191022,97.4,98.6,12.36,1.0,4190,佐登-KY,97.9
51,236,"305,000","29,784,400",97.6,20191021,96.8,98.2,12.23,0.4,4190,佐登-KY,97.7
52,381,"427,324","41,212,390",97.2,20191018,94.6,97.6,12.18,3.1,4190,佐登-KY,94.6
53,93,"108,000","10,126,300",94.1,20191017,93.0,94.5,11.79,0.5,4190,佐登-KY,93.8
54,148,"183,386","17,121,477",93.6,20191016,93.0,93.9,11.73,0.5,4190,佐登-KY,93.9
55,276,"314,626","29,435,156",93.1,20191015,93.0,94.9,11.67,1.4,4190,佐登-KY,94.7
56,199,"237,200","22,639,100",94.5,20191014,94.5,96.5,11.84,0.9,4190,佐登-KY,95.7
57,406,"465,211","44,347,898",95.4,20191009,94.5,98.0,11.95,1.6,4190,佐登-KY,98.0
58,277,"312,648","30,504,704",97.0,20191008,97.0,98.4,12.16,1.6,4190,佐登-KY,98.4
59,88,"95,352","9,399,777",98.6,20191007,98.0,99.6,12.36,0.3,4190,佐登-KY,98.9
60,84,"87,000","8,595,600",98.9,20191004,98.5,99.7,12.39,0.1,4190,佐登-KY,99.7
61,66,"71,100","7,042,930",98.8,20191003,98.4,99.5,12.38,0.4,4190,佐登-KY,99.2
62,134,"170,020","16,834,994",99.2,20191002,98.0,99.8,12.43,1.2,4190,佐登-KY,98.0
63,175,"227,100","22,358,250",98.0,20191001,98.0,99.9,12.28,1.1,4190,佐登-KY,99.1
64,231,"278,087","27,527,429",99.1,20190927,97.7,101.0,12.42,1.4,4190,佐登-KY,101.0
65,100,"112,000","11,292,000",100.5,20190926,100.5,101.5,12.59,0.0,4190,佐登-KY,101.0
66,175,"211,120","21,224,000",100.5,20190925,100.0,101.5,12.59,0.5,4190,佐登-KY,101.0
67,169,"194,000","19,562,000",101.0,20190924,100.0,101.5,12.66,1.1,4190,佐登-KY,101.0
68,85,"92,004","9,229,606",99.9,20190923,99.8,101.0,12.52,0.1,4190,佐登-KY,99.8
69,85,"95,000","9,492,000",99.8,20190920,99.7,101.0,12.51,0.2,4190,佐登-KY,101.0
70,253,"290,196","29,169,900",100.0,20190919,99.9,102.0,12.53,1.5,4190,佐登-KY,102.0
71,377,"447,226","45,116,765",101.5,20190918,99.9,102.0,12.72,1.6,4190,佐登-KY,100.0
72,111,"137,364","13,657,881",99.9,20190917,99.0,99.9,12.52,0.7,4190,佐登-KY,99.9
73,123,"142,000","14,130,400",99.2,20190916,99.1,100.0,12.43,0.5,4190,佐登-KY,99.8
74,103,"108,040","10,784,120",99.7,20190912,99.6,100.0,12.49,0.5,4190,佐登-KY,99.9
75,100,"117,500","11,675,850",99.2,20190911,99.2,100.0,12.43,0.6,4190,佐登-KY,100.0
76,143,"186,070","18,521,240",99.8,20190910,99.1,100.0,12.51,0.7,4190,佐登-KY,100.0
77,207,"288,100","28,664,850",100.5,20190909,99.1,100.5,12.59,0.0,4190,佐登-KY,100.5
78,546,"638,500","63,898,700",100.5,20190906,99.3,102.0,12.59,1.0,4190,佐登-KY,102.0
79,321,"396,300","40,507,750",101.5,20190905,101.5,104.5,12.72,2.0,4190,佐登-KY,104.5
80,237,"309,228","32,256,326",103.5,20190904,103.5,105.5,12.97,1.0,4190,佐登-KY,104.5
81,387,"521,200","54,489,600",104.5,20190903,103.5,105.5,13.1,1.0,4190,佐登-KY,104.5
82,520,"628,044","65,165,098",103.5,20190902,101.5,104.5,12.97,2.0,4190,佐登-KY,102.0
83,323,"354,350","35,836,550",101.5,20190830,100.5,102.0,12.72,0.5,4190,佐登-KY,101.5
84,436,"496,388","50,655,076",101.0,20190829,101.0,103.5,12.66,1.0,4190,佐登-KY,103.0
85,900,"1,250,870","127,147,003",102.0,20190828,99.7,102.5,12.78,2.9,4190,佐登-KY,99.7
86,98,"117,001","11,582,499",99.1,20190827,98.5,99.5,12.42,0.9,4190,佐登-KY,98.9
87,87,"94,500","9,293,700",98.2,20190826,97.5,98.8,12.31,1.1,4190,佐登-KY,98.0
88,105,"117,001","11,619,099",99.3,20190823,99.1,99.7,12.44,0.2,4190,佐登-KY,99.2
89,237,"282,100","28,078,560",99.1,20190822,99.1,100.5,12.42,0.6,4190,佐登-KY,100.5
90,172,"219,000","21,876,800",99.7,20190821,99.5,101.0,12.49,0.1,4190,佐登-KY,100.0
91,320,"349,320","35,057,280",99.8,20190820,99.6,101.5,12.51,0.1,4190,佐登-KY,100.0
92,172,"209,023","20,927,423",99.9,20190819,99.7,101.0,12.52,0.1,4190,佐登-KY,101.0
93,143,"165,165","16,525,465",100.0,20190816,99.8,101.0,12.53,0.0,4190,佐登-KY,100.5
94,325,"401,050","39,970,700",100.0,20190815,99.0,100.0,12.53,1.5,4190,佐登-KY,99.8
95,353,"413,012","41,755,724",101.5,20190814,100.0,102.0,12.72,1.5,4190,佐登-KY,101.5
96,428,"498,868","50,047,672",100.0,20190813,99.7,101.0,12.59,1.0,4190,佐登-KY,101.0
97,148,"178,250","17,870,724",101.0,20190812,99.7,101.0,12.72,0.0,4190,佐登-KY,100.5
