,成交筆數,成交股數,成交金額,收盤價,日期,最低價,最高價,本益比,漲跌價差,證券代號,證券名稱,開盤價
0,20,"36,000","862,850",23.90,20191231,23.90,24.30,50.85,0.60,4562,穎漢,24.25
1,28,"215,000","5,253,100",24.50,20191230,24.00,24.80,52.13,0.0,4562,穎漢,24.40
2,14,"22,000","539,900",24.50,20191227,24.40,24.70,52.13,0.2,4562,穎漢,24.60
3,4,"7,001","173,174",24.70,20191226,24.70,24.75,52.55,0.15,4562,穎漢,24.70
4,7,"14,000","344,800",24.55,20191225,24.50,24.80,52.23,0.05,4562,穎漢,24.55
5,7,"11,000","270,500",24.50,20191224,24.45,24.80,52.13,0.15,4562,穎漢,24.45
6,22,"36,000","878,800",24.35,20191223,24.35,24.75,51.81,0.4,4562,穎漢,24.75
7,9,"17,800","440,600",24.75,20191220,24.60,24.75,52.66,0.15,4562,穎漢,24.60
8,20,"21,000","520,300",24.90,20191219,24.55,24.90,52.98,0.4,4562,穎漢,24.90
9,22,"47,000","1,157,550",24.50,20191218,24.35,24.75,52.13,0.55,4562,穎漢,24.60
10,60,"106,000","2,602,150",25.05,20191217,24.25,25.40,53.3,0.1,4562,穎漢,25.40
11,4,"13,000","324,250",24.95,20191216,24.65,25.00,53.09,0.2,4562,穎漢,25.00
12,19,"20,000","502,000",25.15,20191213,24.75,25.65,53.51,0.15,4562,穎漢,25.65
13,36,"51,000","1,297,650",25.00,20191212,24.85,25.70,53.19,0.2,4562,穎漢,25.60
14,24,"35,000","868,950",24.80,20191211,24.60,25.15,52.77,0.2,4562,穎漢,24.90
15,30,"64,000","1,576,900",24.60,20191210,24.60,25.15,52.34,0.5,4562,穎漢,24.60
16,46,"69,000","1,749,450",25.10,20191209,25.05,25.95,53.4,0.05,4562,穎漢,25.95
17,64,"98,000","2,518,600",25.05,20191206,25.05,26.25,53.3,0.2,4562,穎漢,25.60
18,68,"108,000","2,716,200",24.85,20191205,24.60,25.55,52.87,0.3,4562,穎漢,24.60
19,63,"73,013","1,836,111",24.55,20191204,24.55,26.40,52.23,1.35,4562,穎漢,26.40
20,76,"85,300","2,236,435",25.90,20191203,25.75,26.90,55.11,1.25,4562,穎漢,26.90
21,206,"353,011","9,245,018",27.15,20191202,24.50,27.50,57.77,0.8,4562,穎漢,26.35
22,276,"624,000","16,319,900",26.35,20191129,25.30,26.40,56.06,2.35,4562,穎漢,25.30
23,76,"113,012","2,711,403",24.00,20191128,23.10,24.40,51.06,0.95,4562,穎漢,23.10
24,107,"295,169","6,978,123",23.05,20191127,23.00,24.50,49.04,1.45,4562,穎漢,24.50
25,39,"54,864","1,342,617",24.50,20191126,24.25,24.65,52.13,0.5,4562,穎漢,24.65
26,25,"27,000","677,650",25.00,20191125,24.85,25.30,53.19,0.2,4562,穎漢,25.30
27,11,"17,000","430,600",25.20,20191122,25.15,25.50,53.62,0.45,4562,穎漢,25.50
28,14,"20,801","531,644",25.65,20191121,25.35,25.70,54.57,0.05,4562,穎漢,25.60
29,25,"24,236","620,499",25.60,20191120,25.45,25.85,54.47,0.2,4562,穎漢,25.85
30,21,"33,000","847,850",25.80,20191119,25.55,25.85,54.89,0.4,4562,穎漢,25.75
31,9,"12,000","313,600",26.20,20191118,26.00,26.55,55.74,0.35,4562,穎漢,26.55
32,8,"13,000","346,300",26.55,20191115,26.15,26.75,56.49,0.15,4562,穎漢,26.75
33,104,"164,001","4,183,926",26.40,20191114,24.90,26.45,56.17,0.7,4562,穎漢,26.25
34,145,"182,000","4,870,750",27.10,20191113,26.00,28.40,57.66,1.25,4562,穎漢,28.40
35,14,"14,100","398,610",28.35,20191112,28.10,28.85,60.32,0.6,4562,穎漢,28.15
36,3,"15,000","434,250",28.95,20191111,28.95,28.95,61.6,0.55,4562,穎漢,28.95
37,19,"20,000","564,050",28.40,20191108,27.60,28.60,60.43,0.0,4562,穎漢,28.60
38,0,0,0,--,20191107,--,--,61.28,0.0,4562,穎漢,--
39,5,"7,124","206,627",29.00,20191106,29.00,29.00,61.7,0.25,4562,穎漢,29.00
40,5,"5,495","159,755",29.25,20191105,29.00,29.25,21.2,0.1,4562,穎漢,29.05
41,12,"13,000","379,800",29.35,20191104,29.05,29.40,21.27,0.05,4562,穎漢,29.40
42,15,"16,000","466,150",29.30,20191101,29.00,29.35,21.23,0.1,4562,穎漢,29.00
43,9,"9,076","264,557",29.40,20191031,29.00,29.40,21.3,0.0,4562,穎漢,29.05
44,0,0,0,--,20191030,--,--,21.3,0.0,4562,穎漢,--
45,6,"7,000","205,850",29.55,20191029,29.05,29.55,21.41,0.3,4562,穎漢,29.05
46,12,"16,000","469,250",29.25,20191028,29.15,29.75,21.2,0.15,4562,穎漢,29.75
47,10,"12,000","351,300",29.40,20191025,29.00,29.45,21.3,0.0,4562,穎漢,29.45
48,5,"5,000","146,200",29.40,20191024,29.10,29.40,21.3,0.0,4562,穎漢,29.10
49,5,"6,000","175,550",29.40,20191023,29.10,29.45,21.3,0.35,4562,穎漢,29.10
50,14,"13,600","396,480",29.05,20191022,29.05,29.45,21.05,0.35,4562,穎漢,29.10
51,2,"1,600","46,860",29.40,20191021,29.40,29.40,21.3,0.05,4562,穎漢,29.40
52,1,"1,000","29,450",29.45,20191018,29.45,29.45,21.34,0.1,4562,穎漢,29.45
53,3,"4,000","117,450",29.35,20191017,29.35,29.40,21.27,0.05,4562,穎漢,29.35
54,15,"18,000","525,200",29.30,20191016,29.00,29.50,21.23,0.15,4562,穎漢,29.50
55,5,"6,000","175,100",29.15,20191015,29.15,29.20,21.12,0.6,4562,穎漢,29.20
56,19,"25,000","735,150",29.75,20191014,29.15,29.75,21.56,0.15,4562,穎漢,29.60
57,9,"12,000","352,300",29.60,20191009,29.10,29.60,21.45,0.05,4562,穎漢,29.30
58,11,"14,000","411,150",29.55,20191008,29.30,29.55,21.41,0.05,4562,穎漢,29.35
59,7,"7,600","223,320",29.50,20191007,29.10,29.85,21.38,0.35,4562,穎漢,29.10
60,14,"18,000","529,250",29.15,20191004,29.15,29.55,21.12,0.75,4562,穎漢,29.50
61,2,"2,000","59,000",29.90,20191003,29.10,29.90,21.67,0.0,4562,穎漢,29.10
62,5,"7,000","209,050",29.90,20191002,29.65,29.90,21.67,0.65,4562,穎漢,29.65
63,13,"13,060","379,340",29.25,20191001,28.80,29.30,21.2,0.2,4562,穎漢,29.05
64,13,"13,366","390,190",29.05,20190927,29.05,29.40,21.05,0.45,4562,穎漢,29.25
65,5,"5,000","147,050",29.50,20190926,29.20,29.50,21.38,0.0,4562,穎漢,29.45
66,13,"19,050","557,860",29.50,20190925,29.10,29.70,21.38,0.0,4562,穎漢,29.70
67,0,0,0,--,20190924,--,--,21.41,0.0,4562,穎漢,--
68,9,"15,000","442,650",29.7,20190923,29.35,29.7,21.52,0.0,4562,穎漢,29.7
69,16,"23,000","678,200",29.7,20190920,29.2,29.7,21.52,0.05,4562,穎漢,29.4
70,5,"5,000","148,350",29.75,20190919,29.55,29.75,21.56,0.15,4562,穎漢,29.55
71,3,"3,000","89,750",29.9,20190918,29.9,29.95,21.67,0.1,4562,穎漢,29.95
72,2,"3,000","90,000",30.0,20190917,30.0,30.0,21.74,0.4,4562,穎漢,30.0
73,6,"7,000","208,500",29.6,20190916,29.6,30.0,21.45,0.6,4562,穎漢,29.7
74,9,"9,011","269,830",30.2,20190912,29.65,30.2,21.88,0.0,4562,穎漢,30.0
75,48,"67,008","2,030,440",30.2,20190911,29.2,31.0,21.88,1.1,4562,穎漢,30.0
76,44,"68,000","1,991,750",31.3,20190910,28.4,31.3,22.68,2.35,4562,穎漢,28.85
77,10,"11,000","320,150",28.95,20190909,28.95,29.7,20.98,0.3,4562,穎漢,29.0
78,25,"28,043","818,705",29.25,20190906,29.05,29.45,21.2,0.2,4562,穎漢,29.2
79,8,"12,200","356,780",29.45,20190905,29.15,29.55,21.34,0.05,4562,穎漢,29.25
80,7,"15,000","443,450",29.5,20190904,29.5,29.6,21.38,0.0,4562,穎漢,29.6
81,8,"11,000","323,150",29.5,20190903,29.3,29.65,21.38,0.2,4562,穎漢,29.35
82,12,"16,000","473,300",29.7,20190902,29.25,29.9,21.52,0.2,4562,穎漢,29.5
83,2,"2,000","59,700",29.9,20190830,29.8,29.9,21.67,0.0,4562,穎漢,29.8
84,5,"8,000","238,500",29.9,20190829,29.25,29.9,21.67,0.0,4562,穎漢,29.25
85,2,"1,004","30,018",29.9,20190828,29.9,29.9,21.67,0.1,4562,穎漢,29.9
86,4,"5,000","149,100",29.8,20190827,29.8,29.9,21.59,0.0,4562,穎漢,29.8
87,9,"12,000","354,850",29.8,20190826,29.05,29.9,21.59,0.1,4562,穎漢,29.9
88,5,"6,000","179,400",29.9,20190823,29.8,29.95,21.67,0.05,4562,穎漢,29.95
89,10,"14,000","416,600",29.85,20190822,29.5,29.85,21.63,0.0,4562,穎漢,29.5
90,9,"9,000","267,850",29.85,20190821,29.45,29.9,21.63,0.05,4562,穎漢,29.9
91,14,"25,001","742,129",29.9,20190820,29.15,29.95,21.67,0.15,4562,穎漢,29.15
92,13,"13,000","384,700",29.75,20190819,29.05,29.75,21.56,0.25,4562,穎漢,29.05
93,44,"70,560","2,074,838",30.0,20190816,28.85,30.0,21.74,1.1,4562,穎漢,28.95
94,9,"11,000","316,450",28.9,20190815,28.45,28.9,20.94,0.1,4562,穎漢,28.5
95,17,"27,000","786,350",29.0,20190814,29.0,29.2,21.01,0.25,4562,穎漢,29.1
96,6,"7,000","200,800",28.75,20190813,28.5,28.9,20.83,0.15,4562,穎漢,28.85
97,2,"1,150","33,235",28.9,20190812,28.9,28.9,20.94,0.05,4562,穎漢,28.9
