,成交筆數,成交股數,成交金額,收盤價,日期,最低價,最高價,本益比,漲跌價差,證券代號,證券名稱,開盤價
0,96,"143,006","2,031,534",14.20,20191231,14.15,14.30,0.00,0.05,4956,光鋐,14.25
1,169,"267,070","3,805,847",14.15,20191230,14.15,14.45,0.0,0.25,4956,光鋐,14.3
2,590,"1,287,478","18,635,531",14.4,20191227,14.35,14.6,0.0,0.15,4956,光鋐,14.55
3,"1,392","3,010,226","43,572,450",14.55,20191226,14.1,14.65,0.0,0.6,4956,光鋐,14.1
4,78,"111,001","1,544,614",13.95,20191225,13.85,13.95,0.0,0.05,4956,光鋐,13.95
5,84,"104,260","1,449,340",13.9,20191224,13.85,14.0,0.0,0.0,4956,光鋐,13.95
6,113,"208,250","2,903,623",13.9,20191223,13.8,14.25,0.0,0.15,4956,光鋐,14.25
7,107,"235,002","3,303,728",14.05,20191220,13.95,14.15,0.0,0.1,4956,光鋐,14.0
8,83,"181,300","2,541,165",13.95,20191219,13.95,14.15,0.0,0.15,4956,光鋐,14.15
9,123,"216,668","3,063,652",14.1,20191218,14.1,14.2,0.0,0.0,4956,光鋐,14.1
10,158,"294,207","4,152,488",14.1,20191217,13.95,14.25,0.0,0.1,4956,光鋐,14.0
11,156,"285,250","3,989,468",14.0,20191216,13.8,14.1,0.0,0.25,4956,光鋐,13.8
12,187,"505,003","6,993,690",13.75,20191213,13.7,14.2,0.0,0.25,4956,光鋐,14.0
13,165,"326,405","4,623,870",14.0,20191212,14.0,14.5,0.0,0.1,4956,光鋐,14.35
14,83,"174,000","2,465,900",14.1,20191211,14.1,14.35,0.0,0.1,4956,光鋐,14.35
15,155,"336,610","4,815,950",14.2,20191210,14.15,14.4,0.0,0.05,4956,光鋐,14.15
16,130,"328,685","4,657,240",14.15,20191209,14.1,14.3,0.0,0.0,4956,光鋐,14.15
17,901,"1,961,019","28,319,086",14.15,20191206,14.0,14.75,0.0,0.35,4956,光鋐,14.1
18,73,"132,004","1,822,108",13.8,20191205,13.7,13.85,0.0,0.1,4956,光鋐,13.75
19,141,"394,000","5,400,450",13.7,20191204,13.6,13.9,0.0,0.0,4956,光鋐,13.7
20,54,"93,000","1,277,800",13.7,20191203,13.6,13.8,0.0,0.1,4956,光鋐,13.6
21,118,"226,000","3,109,950",13.8,20191202,13.6,13.9,0.0,0.05,4956,光鋐,13.8
22,102,"168,004","2,337,210",13.85,20191129,13.8,14.05,0.0,0.15,4956,光鋐,14.0
23,134,"434,369","6,102,734",14.0,20191128,13.95,14.2,0.0,0.1,4956,光鋐,14.2
24,111,"232,337","3,284,452",14.1,20191127,14.05,14.25,0.0,0.0,4956,光鋐,14.1
25,369,"756,102","10,777,942",14.1,20191126,14.1,14.4,0.0,0.35,4956,光鋐,14.4
26,677,"1,594,550","22,697,314",14.45,20191125,13.8,14.5,0.0,0.65,4956,光鋐,13.85
27,207,"437,000","6,030,950",13.8,20191122,13.65,13.95,0.0,0.2,4956,光鋐,13.7
28,80,"164,000","2,217,050",13.6,20191121,13.35,13.65,0.0,0.0,4956,光鋐,13.45
29,78,"140,000","1,895,350",13.6,20191120,13.5,13.65,0.0,0.05,4956,光鋐,13.65
30,164,"385,001","5,276,665",13.65,20191119,13.65,13.9,0.0,0.3,4956,光鋐,13.9
31,136,"232,000","3,222,150",13.95,20191118,13.8,14.0,0.0,0.0,4956,光鋐,13.9
32,930,"2,243,370","31,697,430",13.95,20191115,13.9,14.3,0.0,0.15,4956,光鋐,14.05
33,447,"753,148","10,342,988",13.8,20191114,13.4,13.95,0.0,0.5,4956,光鋐,13.4
34,82,"163,000","2,168,850",13.3,20191113,13.25,13.45,0.0,0.15,4956,光鋐,13.4
35,66,"107,001","1,441,264",13.45,20191112,13.35,13.7,0.0,0.05,4956,光鋐,13.5
36,142,"272,137","3,656,235",13.4,20191111,13.3,13.75,0.0,0.35,4956,光鋐,13.75
37,50,"91,086","1,247,671",13.75,20191108,13.65,13.8,0.0,0.0,4956,光鋐,13.75
38,84,"136,500","1,874,194",13.75,20191107,13.65,13.95,0.0,0.15,4956,光鋐,13.95
39,68,"136,244","1,884,416",13.9,20191106,13.75,13.9,0.0,0.05,4956,光鋐,13.9
40,74,"104,856","1,446,550",13.85,20191105,13.75,13.9,0.0,0.0,4956,光鋐,13.85
41,97,"232,100","3,203,986",13.85,20191104,13.75,14.0,0.0,0.05,4956,光鋐,13.95
42,78,"140,000","1,937,250",13.9,20191101,13.75,13.95,0.0,0.05,4956,光鋐,13.85
43,77,"141,000","1,963,950",13.85,20191031,13.85,14.1,0.0,0.25,4956,光鋐,14.1
44,134,"235,001","3,336,615",14.1,20191030,14.0,14.4,0.0,0.15,4956,光鋐,14.0
45,132,"279,006","3,913,990",13.95,20191029,13.9,14.2,0.0,0.2,4956,光鋐,14.15
46,72,"100,008","1,417,770",14.15,20191028,14.05,14.3,0.0,0.0,4956,光鋐,14.2
47,136,"267,008","3,802,412",14.15,20191025,14.05,14.5,0.0,0.25,4956,光鋐,14.5
48,221,"402,284","5,799,888",14.4,20191024,14.3,14.65,0.0,0.0,4956,光鋐,14.35
49,"1,411","2,860,663","41,748,679",14.4,20191023,14.0,14.85,0.0,0.6,4956,光鋐,14.0
50,219,"892,337","12,364,662",13.8,20191022,13.65,13.95,0.0,0.1,4956,光鋐,13.8
51,87,"182,001","2,490,515",13.7,20191021,13.6,13.8,0.0,0.05,4956,光鋐,13.75
52,110,"466,004","6,364,557",13.75,20191018,13.6,13.75,0.0,0.1,4956,光鋐,13.65
53,67,"107,018","1,463,202",13.65,20191017,13.6,13.75,0.0,0.1,4956,光鋐,13.75
54,120,"402,003","5,505,593",13.75,20191016,13.6,13.85,0.0,0.0,4956,光鋐,13.8
55,91,"310,005","4,297,721",13.75,20191015,13.75,14.0,0.0,0.1,4956,光鋐,13.85
56,78,"157,253","2,176,669",13.85,20191014,13.8,14.0,0.0,0.05,4956,光鋐,13.85
57,60,"107,005","1,478,315",13.8,20191009,13.75,13.95,0.0,0.15,4956,光鋐,13.8
58,28,"39,006","542,584",13.95,20191008,13.9,14.0,0.0,0.0,4956,光鋐,13.95
59,51,"71,050","995,742",13.95,20191007,13.95,14.1,0.0,0.1,4956,光鋐,14.05
60,148,"487,000","6,927,800",14.05,20191004,14.0,14.3,0.0,0.15,4956,光鋐,14.0
61,48,"99,000","1,377,350",13.9,20191003,13.8,14.0,0.0,0.05,4956,光鋐,13.9
62,66,"97,000","1,355,900",13.95,20191002,13.9,14.05,0.0,0.15,4956,光鋐,14.05
63,220,"449,000","6,373,000",14.1,20191001,13.9,14.4,0.0,0.25,4956,光鋐,13.9
64,139,"273,204","3,803,746",13.85,20190927,13.8,14.05,0.0,0.25,4956,光鋐,14.05
65,111,"248,105","3,501,955",14.1,20190926,14.0,14.25,0.0,0.0,4956,光鋐,14.25
66,138,"205,245","2,909,977",14.1,20190925,14.1,14.45,0.0,0.35,4956,光鋐,14.45
67,57,"60,042","869,802",14.45,20190924,14.45,14.65,0.0,0.1,4956,光鋐,14.65
68,133,"248,100","3,626,000",14.55,20190923,14.35,14.75,0.0,0.05,4956,光鋐,14.7
69,343,"625,439","9,169,150",14.6,20190920,14.55,14.85,0.0,0.1,4956,光鋐,14.6
70,351,"834,993","12,075,947",14.5,20190919,14.15,14.6,0.0,0.3,4956,光鋐,14.3
71,67,"92,008","1,308,065",14.2,20190918,14.1,14.4,0.0,0.0,4956,光鋐,14.1
72,79,"248,001","3,548,715",14.2,20190917,14.1,14.4,0.0,0.1,4956,光鋐,14.1
73,64,"102,126","1,441,438",14.1,20190916,14.05,14.3,0.0,0.15,4956,光鋐,14.3
74,80,"145,010","2,073,590",14.25,20190912,14.2,14.4,0.0,0.05,4956,光鋐,14.25
75,56,"93,001","1,321,214",14.2,20190911,14.1,14.35,0.0,0.0,4956,光鋐,14.2
76,80,"109,008","1,549,162",14.2,20190910,14.15,14.3,0.0,0.1,4956,光鋐,14.25
77,51,"97,121","1,395,017",14.3,20190909,14.25,14.6,0.0,0.1,4956,光鋐,14.6
78,74,"124,160","1,791,335",14.4,20190906,14.4,14.55,0.0,0.0,4956,光鋐,14.4
79,119,"186,001","2,692,864",14.4,20190905,14.35,14.9,0.0,0.2,4956,光鋐,14.9
80,230,"784,001","11,555,865",14.6,20190904,14.3,14.85,0.0,0.2,4956,光鋐,14.4
81,59,"68,012","988,430",14.4,20190903,14.35,14.75,0.0,0.2,4956,光鋐,14.7
82,163,"222,020","3,223,130",14.6,20190902,14.2,14.65,0.0,0.5,4956,光鋐,14.2
83,122,"189,018","2,677,370",14.1,20190830,14.05,14.25,0.0,0.0,4956,光鋐,14.2
84,65,"119,003","1,680,495",14.1,20190829,14.05,14.25,0.0,0.0,4956,光鋐,14.1
85,57,"80,067","1,129,596",14.1,20190828,14.05,14.15,0.0,0.05,4956,光鋐,14.15
86,35,"39,019","551,285",14.15,20190827,14.1,14.2,0.0,0.15,4956,光鋐,14.1
87,97,"168,100","2,364,450",14.0,20190826,13.95,14.2,0.0,0.35,4956,光鋐,14.2
88,68,"106,228","1,532,881",14.35,20190823,14.35,14.6,0.0,0.1,4956,光鋐,14.6
89,139,"253,121","3,673,154",14.45,20190822,14.35,14.65,0.0,0.1,4956,光鋐,14.6
90,106,"140,164","2,008,260",14.35,20190821,14.25,14.4,0.0,0.1,4956,光鋐,14.25
91,99,"158,001","2,259,364",14.25,20190820,14.2,14.45,0.0,0.0,4956,光鋐,14.4
92,102,"133,004","1,901,006",14.25,20190819,14.2,14.45,0.0,0.1,4956,光鋐,14.2
93,69,"116,000","1,646,250",14.15,20190816,14.15,14.35,0.0,0.0,4956,光鋐,14.15
94,64,"97,002","1,366,928",14.15,20190815,14.0,14.2,0.0,0.2,4956,光鋐,14.05
95,86,"121,210","1,762,370",14.35,20190814,14.35,14.8,0.0,0.15,4956,光鋐,14.6
96,270,"1,066,041","15,414,494",14.5,20190813,14.05,14.6,0.0,0.2,4956,光鋐,14.3
97,92,"149,005","2,121,321",14.3,20190812,14.0,14.35,0.0,0.0,4956,光鋐,14.3
