,成交筆數,成交股數,成交金額,收盤價,日期,最低價,最高價,本益比,漲跌價差,證券代號,證券名稱,開盤價
0,48,"84,500","917,698",10.85,20191231,10.80,10.90,41.73,0.15,4930,燦星網,10.85
1,24,"27,332","299,665",11.0,20191230,10.95,11.0,42.31,0.0,4930,燦星網,11.0
2,26,"27,697","303,791",11.0,20191227,10.9,11.0,42.31,0.05,4930,燦星網,11.0
3,20,"47,770","523,590",10.95,20191226,10.95,11.0,42.12,0.0,4930,燦星網,10.95
4,40,"52,404","568,349",10.95,20191225,10.8,10.95,42.12,0.1,4930,燦星網,10.8
5,56,"79,617","867,390",10.85,20191224,10.8,11.05,41.73,0.2,4930,燦星網,11.05
6,44,"58,990","648,540",11.05,20191223,10.9,11.05,42.5,0.05,4930,燦星網,11.0
7,45,"70,950","785,644",11.1,20191220,11.05,11.15,42.69,0.05,4930,燦星網,11.05
8,39,"51,877","570,998",11.05,20191219,10.95,11.15,42.5,0.0,4930,燦星網,11.1
9,109,"168,201","1,852,045",11.05,20191218,10.75,11.15,42.5,0.3,4930,燦星網,10.75
10,52,"72,298","776,384",10.75,20191217,10.65,10.8,41.35,0.0,4930,燦星網,10.65
11,89,"179,550","1,919,831",10.75,20191216,10.5,10.95,41.35,0.15,4930,燦星網,10.5
12,250,"602,967","6,411,902",10.6,20191213,10.45,10.75,40.77,0.4,4930,燦星網,10.7
13,78,"240,100","2,641,095",11.0,20191212,10.95,11.05,42.31,0.05,4930,燦星網,11.05
14,88,"325,672","3,579,574",11.05,20191211,10.9,11.1,42.5,0.05,4930,燦星網,10.9
15,388,"1,070,586","11,779,146",11.0,20191210,10.9,11.5,42.31,0.5,4930,燦星網,11.5
16,73,"143,731","1,666,517",11.5,20191209,11.5,11.75,44.23,0.1,4930,燦星網,11.6
17,137,"373,022","4,349,153",11.6,20191206,11.55,11.75,44.62,0.05,4930,燦星網,11.55
18,189,"560,969","6,534,641",11.55,20191205,11.35,11.8,44.42,0.2,4930,燦星網,11.4
19,54,"122,338","1,377,900",11.35,20191204,11.2,11.35,43.65,0.05,4930,燦星網,11.3
20,78,"117,489","1,326,097",11.3,20191203,11.2,11.4,43.46,0.1,4930,燦星網,11.4
21,125,"193,230","2,176,573",11.2,20191202,11.1,11.5,43.08,0.25,4930,燦星網,11.45
22,183,"553,537","6,375,897",11.45,20191129,11.35,11.65,44.04,0.05,4930,燦星網,11.35
23,186,"415,614","4,719,734",11.4,20191128,11.05,11.55,43.85,0.35,4930,燦星網,11.05
24,79,"146,888","1,627,368",11.05,20191127,10.95,11.2,42.5,0.15,4930,燦星網,10.95
25,42,"76,075","830,561",10.9,20191126,10.85,10.95,41.92,0.0,4930,燦星網,10.9
26,61,"336,880","3,684,051",10.9,20191125,10.85,11.1,41.92,0.05,4930,燦星網,11.1
27,87,"555,659","6,053,850",10.85,20191122,10.8,10.95,41.73,0.1,4930,燦星網,10.95
28,109,"535,485","5,882,810",10.95,20191121,10.95,11.1,42.12,0.1,4930,燦星網,11.1
29,148,"617,813","6,826,743",11.05,20191120,10.95,11.2,42.5,0.05,4930,燦星網,11.0
30,79,"184,213","2,032,421",11.0,20191119,10.95,11.1,42.31,0.15,4930,燦星網,11.05
31,172,"431,554","4,768,096",11.15,20191118,10.9,11.25,42.88,0.1,4930,燦星網,11.25
32,189,"349,401","3,897,687",11.25,20191115,11.1,11.35,43.27,0.0,4930,燦星網,11.35
33,"1,172","2,813,684","32,776,307",11.25,20191114,11.25,12.1,43.27,0.0,4930,燦星網,11.6
34,488,"1,708,182","19,190,739",11.25,20191113,11.0,11.25,43.27,1.0,4930,燦星網,11.25
35,26,"70,840","726,857",10.25,20191112,10.25,10.3,39.42,0.05,4930,燦星網,10.3
36,41,"166,200","1,712,310",10.3,20191111,10.25,10.4,0.0,0.1,4930,燦星網,10.4
37,28,"122,808","1,271,420",10.4,20191108,10.3,10.4,0.0,0.05,4930,燦星網,10.3
38,32,"75,979","782,832",10.35,20191107,10.25,10.35,0.0,0.05,4930,燦星網,10.3
39,14,"12,413","127,853",10.3,20191106,10.3,10.3,0.0,0.05,4930,燦星網,10.3
40,16,"22,470","232,613",10.35,20191105,10.35,10.4,0.0,0.05,4930,燦星網,10.35
41,39,"89,417","924,465",10.4,20191104,10.3,10.4,0.0,0.05,4930,燦星網,10.35
42,22,"45,300","468,254",10.35,20191101,10.3,10.35,0.0,0.05,4930,燦星網,10.35
43,24,"49,535","515,333",10.4,20191031,10.4,10.45,0.0,0.1,4930,燦星網,10.45
44,31,"68,588","716,474",10.5,20191030,10.4,10.5,0.0,0.1,4930,燦星網,10.4
45,18,"19,061","199,730",10.4,20191029,10.4,10.55,0.0,0.0,4930,燦星網,10.5
46,22,"30,050","312,820",10.4,20191028,10.4,10.45,0.0,0.05,4930,燦星網,10.45
47,18,"14,740","154,031",10.45,20191025,10.35,10.5,0.0,0.05,4930,燦星網,10.5
48,38,"57,096","592,692",10.4,20191024,10.3,10.5,0.0,0.1,4930,燦星網,10.45
49,11,"9,885","103,498",10.5,20191023,10.45,10.5,0.0,0.05,4930,燦星網,10.45
50,44,"46,002","482,168",10.45,20191022,10.45,10.55,0.0,0.1,4930,燦星網,10.55
51,40,"108,579","1,137,836",10.55,20191021,10.4,10.6,0.0,0.2,4930,燦星網,10.4
52,28,"37,037","384,329",10.35,20191018,10.35,10.5,0.0,0.1,4930,燦星網,10.5
53,30,"52,904","551,755",10.45,20191017,10.35,10.5,0.0,0.2,4930,燦星網,10.35
54,47,"50,699","523,048",10.25,20191016,10.25,10.4,0.0,0.05,4930,燦星網,10.3
55,30,"33,620","345,752",10.3,20191015,10.25,10.3,0.0,0.0,4930,燦星網,10.3
56,65,"113,050","1,167,061",10.3,20191014,10.2,10.5,0.0,0.1,4930,燦星網,10.5
57,34,"38,176","399,728",10.4,20191009,10.4,10.55,0.0,0.05,4930,燦星網,10.5
58,16,"10,580","110,578",10.45,20191008,10.45,10.5,0.0,0.05,4930,燦星網,10.5
59,9,"23,952","250,348",10.5,20191007,10.45,10.5,0.0,0.05,4930,燦星網,10.45
60,31,"35,622","371,847",10.45,20191004,10.4,10.5,0.0,0.05,4930,燦星網,10.45
61,28,"30,472","319,001",10.5,20191003,10.4,10.5,0.0,0.0,4930,燦星網,10.4
62,11,"21,746","229,745",10.5,20191002,10.5,10.6,0.0,0.05,4930,燦星網,10.55
63,24,"49,545","521,922",10.55,20191001,10.5,10.55,0.0,0.05,4930,燦星網,10.5
64,46,"86,970","912,986",10.5,20190927,10.45,10.55,0.0,0.0,4930,燦星網,10.55
65,23,"29,540","311,424",10.5,20190926,10.5,10.55,0.0,0.0,4930,燦星網,10.5
66,37,"58,513","615,586",10.5,20190925,10.5,10.55,0.0,0.1,4930,燦星網,10.5
67,37,"80,280","847,701",10.6,20190924,10.5,10.6,0.0,0.05,4930,燦星網,10.55
68,22,"29,636","313,308",10.55,20190923,10.55,10.6,0.0,0.0,4930,燦星網,10.55
69,24,"57,999","614,438",10.55,20190920,10.55,10.6,0.0,0.05,4930,燦星網,10.6
70,24,"32,080","338,896",10.6,20190919,10.55,10.65,0.0,0.05,4930,燦星網,10.65
71,24,"32,832","347,574",10.65,20190918,10.55,10.7,0.0,0.1,4930,燦星網,10.55
72,96,"270,039","2,838,208",10.55,20190917,10.45,10.6,0.0,0.05,4930,燦星網,10.6
73,46,"52,855","559,864",10.6,20190916,10.55,10.6,0.0,0.0,4930,燦星網,10.6
74,42,"62,102","661,188",10.6,20190912,10.6,10.7,0.0,0.0,4930,燦星網,10.65
75,112,"151,050","1,595,682",10.6,20190911,10.5,10.6,0.0,0.05,4930,燦星網,10.55
76,74,"83,938","887,336",10.55,20190910,10.5,10.7,0.0,0.05,4930,燦星網,10.55
77,146,"159,542","1,688,491",10.6,20190909,10.5,10.65,0.0,0.0,4930,燦星網,10.55
78,39,"43,200","457,969",10.6,20190906,10.55,10.65,0.0,0.0,4930,燦星網,10.6
79,32,"35,505","376,349",10.6,20190905,10.55,10.65,0.0,0.0,4930,燦星網,10.6
80,45,"84,083","888,579",10.6,20190904,10.5,10.65,0.0,0.05,4930,燦星網,10.6
81,48,"114,762","1,214,449",10.55,20190903,10.55,10.7,0.0,0.05,4930,燦星網,10.6
82,63,"102,928","1,095,838",10.6,20190902,10.55,10.8,0.0,0.15,4930,燦星網,10.65
83,14,"21,664","230,954",10.75,20190830,10.65,10.75,0.0,0.1,4930,燦星網,10.65
84,32,"34,590","367,382",10.65,20190829,10.6,10.65,0.0,0.05,4930,燦星網,10.6
85,21,"15,026","159,924",10.6,20190828,10.6,10.75,0.0,0.05,4930,燦星網,10.65
86,31,"30,899","328,378",10.65,20190827,10.55,10.7,0.0,0.05,4930,燦星網,10.6
87,75,"91,562","976,610",10.6,20190826,10.6,11.0,0.0,0.5,4930,燦星網,11.0
88,269,"730,119","7,841,209",11.1,20190823,10.5,11.1,0.0,0.1,4930,燦星網,11.0
89,28,"100,341","1,121,467",11.2,20190822,11.1,11.4,0.0,0.05,4930,燦星網,11.4
90,30,"30,639","341,022",11.25,20190821,11.0,11.25,0.0,0.25,4930,燦星網,11.1
91,19,"39,282","434,602",11.0,20190820,11.0,11.35,0.0,0.1,4930,燦星網,11.3
92,35,"65,985","728,482",11.1,20190819,10.95,11.15,0.0,0.1,4930,燦星網,11.05
93,22,"38,500","424,800",11.2,20190816,10.85,11.3,0.0,0.2,4930,燦星網,10.85
94,23,"62,500","677,750",11.0,20190815,10.7,11.0,0.0,0.05,4930,燦星網,10.7
95,40,"58,506","642,690",10.95,20190814,10.9,11.3,0.0,0.0,4930,燦星網,11.0
96,28,"63,740","700,916",10.95,20190813,10.95,11.05,0.0,0.1,4930,燦星網,11.0
97,42,"158,900","1,754,894",11.05,20190812,10.9,11.15,0.0,0.0,4930,燦星網,10.95
