,成交筆數,成交股數,成交金額,收盤價,日期,最低價,最高價,本益比,漲跌價差,證券代號,證券名稱,開盤價
0,314,"649,585","52,927,570",81.30,20191231,81.30,81.90,8.61,0.60,5534,長虹,81.90
1,229,"310,945","25,430,595",81.9,20191230,81.5,82.0,8.68,0.2,5534,長虹,81.8
2,567,"678,195","55,233,990",81.7,20191227,81.0,82.0,8.65,0.2,5534,長虹,81.9
3,162,"187,283","15,322,572",81.9,20191226,81.6,82.1,8.68,0.1,5534,長虹,82.0
4,268,"285,321","23,342,448",82.0,20191225,81.5,82.0,8.69,0.5,5534,長虹,81.6
5,196,"225,676","18,395,632",81.5,20191224,81.2,82.0,8.63,0.1,5534,長虹,82.0
6,297,"390,707","31,823,797",81.6,20191223,81.2,81.6,8.64,1.0,5534,長虹,81.2
7,522,"909,954","73,976,728",80.6,20191220,80.6,82.4,8.54,1.8,5534,長虹,82.2
8,378,"425,434","35,049,872",82.4,20191219,82.1,83.1,8.73,0.4,5534,長虹,83.0
9,637,"907,498","74,990,932",82.8,20191218,82.0,83.1,8.77,0.9,5534,長虹,82.0
10,691,"924,433","75,769,145",81.9,20191217,81.7,82.1,8.68,0.1,5534,長虹,81.8
11,541,"985,221","80,576,822",81.8,20191216,81.1,82.1,8.67,0.5,5534,長虹,81.4
12,297,"419,839","34,157,774",81.3,20191213,81.2,81.5,8.61,0.2,5534,長虹,81.4
13,367,"532,216","43,236,920",81.1,20191212,81.1,81.4,8.59,0.0,5534,長虹,81.4
14,350,"493,982","40,114,630",81.1,20191211,81.1,81.4,8.59,0.3,5534,長虹,81.4
15,231,"386,582","31,366,552",81.4,20191210,80.8,81.5,8.62,0.2,5534,長虹,81.3
16,261,"414,200","33,600,299",81.2,20191209,81.0,81.5,8.6,0.0,5534,長虹,81.4
17,200,"292,945","23,824,796",81.2,20191206,81.2,81.7,8.6,0.4,5534,長虹,81.7
18,253,"326,124","26,489,414",81.6,20191205,81.0,81.6,8.64,0.7,5534,長虹,81.2
19,409,"567,659","46,079,808",80.9,20191204,80.9,81.7,8.57,0.8,5534,長虹,81.7
20,189,"255,592","20,895,412",81.7,20191203,81.4,82.0,8.65,0.2,5534,長虹,81.5
21,220,"315,888","25,760,857",81.5,20191202,81.3,82.0,8.63,0.4,5534,長虹,82.0
22,304,"500,966","41,133,913",81.9,20191129,81.8,82.5,8.68,0.3,5534,長虹,82.1
23,195,"372,874","30,745,514",82.2,20191128,82.2,82.8,8.71,0.6,5534,長虹,82.8
24,346,"690,121","57,041,951",82.8,20191127,82.2,83.2,8.77,0.6,5534,長虹,82.3
25,413,"690,691","56,989,173",82.2,20191126,82.1,83.0,8.71,0.0,5534,長虹,82.5
26,309,"419,429","34,517,407",82.2,20191125,82.0,82.7,8.71,0.5,5534,長虹,82.7
27,234,"274,194","22,686,857",82.7,20191122,82.6,83.1,8.76,0.5,5534,長虹,82.8
28,361,"550,928","45,801,487",83.2,20191121,82.8,83.7,8.81,0.4,5534,長虹,83.7
29,633,"937,754","78,113,726",83.6,20191120,82.6,84.1,8.86,1.1,5534,長虹,82.6
30,262,"364,924","30,123,610",82.5,20191119,82.4,82.7,8.74,0.1,5534,長虹,82.6
31,279,"366,905","30,286,038",82.6,20191118,82.3,82.8,8.75,0.4,5534,長虹,82.5
32,520,"768,709","63,243,574",82.2,20191115,81.6,82.8,8.71,0.4,5534,長虹,82.0
33,189,"262,128","21,396,821",81.8,20191114,81.4,82.2,8.67,0.1,5534,長虹,82.2
34,311,"419,093","34,285,113",81.7,20191113,81.3,82.1,8.65,0.8,5534,長虹,81.3
35,162,"182,990","14,815,986",80.9,20191112,80.7,81.2,8.57,0.3,5534,長虹,80.7
36,265,"322,305","26,185,405",81.2,20191111,81.0,82.3,9.08,1.1,5534,長虹,82.3
37,190,"398,710","32,802,332",82.3,20191108,82.1,82.5,9.21,0.3,5534,長虹,82.4
38,547,"944,745","77,934,984",82.0,20191107,82.0,82.8,9.17,0.0,5534,長虹,82.0
39,674,"1,203,956","99,013,692",82.0,20191106,81.6,83.0,9.17,0.0,5534,長虹,82.0
40,205,"290,575","23,820,604",82.0,20191105,81.7,82.2,9.17,0.0,5534,長虹,82.0
41,267,"384,190","31,515,253",82.0,20191104,81.5,82.4,9.17,0.4,5534,長虹,81.6
42,236,"275,730","22,568,704",81.6,20191101,81.5,82.0,9.13,0.4,5534,長虹,81.9
43,364,"396,479","32,289,836",82.0,20191031,80.9,82.0,9.17,0.7,5534,長虹,81.4
44,132,"149,695","12,141,800",81.3,20191030,80.5,81.4,9.09,0.4,5534,長虹,80.9
45,188,"260,888","21,108,634",80.9,20191029,80.6,81.3,9.05,0.3,5534,長虹,81.0
46,136,"171,696","13,942,911",81.2,20191028,80.8,81.7,9.08,0.2,5534,長虹,81.3
47,221,"248,224","20,105,764",81.0,20191025,80.7,81.6,9.06,0.4,5534,長虹,81.6
48,223,"272,929","22,122,317",81.4,20191024,80.8,81.4,9.11,0.5,5534,長虹,81.0
49,383,"524,652","42,594,975",80.9,20191023,80.9,82.0,9.05,1.1,5534,長虹,82.0
50,325,"401,396","32,754,252",82.0,20191022,81.2,82.4,9.17,0.3,5534,長虹,82.0
51,535,"739,642","60,760,845",81.7,20191021,81.6,82.8,9.14,0.6,5534,長虹,82.3
52,596,"931,861","76,283,142",82.3,20191018,81.0,82.4,9.21,0.2,5534,長虹,82.2
53,806,"987,550","80,822,350",82.1,20191017,80.8,82.8,9.18,1.1,5534,長虹,81.0
54,549,"624,878","50,477,218",81.0,20191016,80.0,81.2,9.06,1.1,5534,長虹,80.3
55,280,"592,370","47,383,700",79.9,20191015,79.6,80.4,8.94,0.3,5534,長虹,80.4
56,503,"693,522","55,414,663",80.2,20191014,79.2,80.2,8.97,2.2,5534,長虹,79.5
57,492,"803,731","63,759,356",78.0,20191009,78.0,80.4,8.72,2.0,5534,長虹,80.0
58,309,"344,553","27,598,040",80.0,20191008,79.9,80.3,8.95,0.0,5534,長虹,80.0
59,150,"184,457","14,723,244",80.0,20191007,79.7,80.0,8.95,0.3,5534,長虹,79.7
60,159,"191,975","15,317,201",79.7,20191004,79.6,80.0,8.92,0.3,5534,長虹,79.9
61,146,"157,830","12,552,205",79.4,20191003,79.2,79.7,8.88,0.0,5534,長虹,79.4
62,187,"208,666","16,598,811",79.4,20191002,79.4,79.8,8.88,0.1,5534,長虹,79.5
63,280,"329,499","26,279,668",79.5,20191001,79.5,80.4,8.89,0.0,5534,長虹,79.5
64,148,"199,217","15,838,715",79.5,20190927,79.4,79.6,8.89,0.0,5534,長虹,79.5
65,255,"295,037","23,484,260",79.5,20190926,79.4,79.9,8.89,0.4,5534,長虹,79.9
66,189,"223,105","17,808,386",79.9,20190925,79.6,80.0,8.94,0.3,5534,長虹,79.7
67,360,"554,035","44,298,400",79.6,20190924,79.6,80.4,8.9,0.5,5534,長虹,80.0
68,259,"326,874","26,277,468",80.1,20190923,80.1,80.9,8.96,0.5,5534,長虹,80.9
69,357,"500,286","40,271,007",80.6,20190920,80.0,81.0,9.02,0.7,5534,長虹,80.1
70,245,"377,372","30,150,660",79.9,20190919,79.8,80.0,8.94,0.1,5534,長虹,79.8
71,516,"719,501","57,197,880",79.8,20190918,79.0,79.9,8.93,0.3,5534,長虹,79.5
72,486,"744,890","59,506,582",79.5,20190917,79.5,80.3,8.89,0.6,5534,長虹,80.1
73,309,"414,426","33,228,802",80.1,20190916,80.0,80.4,8.96,0.2,5534,長虹,80.1
74,252,"382,350","30,650,662",80.3,20190912,80.0,80.4,8.98,0.3,5534,長虹,80.1
75,346,"646,102","51,723,809",80.0,20190911,79.9,80.9,8.95,0.3,5534,長虹,80.9
76,163,"206,772","16,641,276",80.3,20190910,80.3,81.0,8.98,0.6,5534,長虹,81.0
77,147,"171,414","13,861,448",80.9,20190909,80.6,81.4,9.05,0.1,5534,長虹,81.4
78,144,"186,734","15,102,772",80.8,20190906,80.8,81.0,9.04,0.0,5534,長虹,81.0
79,227,"298,762","24,193,322",80.8,20190905,80.8,81.5,9.04,0.1,5534,長虹,81.0
80,268,"335,458","27,073,998",80.9,20190904,80.3,81.0,9.05,0.1,5534,長虹,80.9
81,271,"336,083","27,194,823",81.0,20190903,80.6,81.0,9.06,0.4,5534,長虹,80.8
82,206,"349,328","28,199,898",80.6,20190902,80.1,81.1,9.02,0.6,5534,長虹,80.5
83,334,"489,250","38,868,324",80.0,20190830,79.0,80.0,8.95,1.0,5534,長虹,79.0
84,490,"654,781","51,685,484",79.0,20190829,78.4,80.0,8.84,0.9,5534,長虹,79.9
85,484,"671,293","53,758,140",79.9,20190828,79.9,81.3,8.94,0.6,5534,長虹,81.0
86,806,"1,951,268","160,118,765",80.5,20190827,80.2,82.0,9.0,0.0,5534,長虹,82.0
87,903,"1,951,928","172,275,010",88.4,20190826,87.7,88.7,9.89,0.1,5534,長虹,88.0
88,368,"726,823","64,163,960",88.3,20190823,88.0,88.7,9.88,0.0,5534,長虹,88.0
89,466,"899,629","79,630,851",88.3,20190822,88.3,88.9,9.88,0.5,5534,長虹,88.4
90,310,"689,427","61,077,315",88.8,20190821,88.0,89.0,9.93,0.3,5534,長虹,88.0
91,457,"802,235","70,944,915",88.5,20190820,87.8,89.0,9.9,0.5,5534,長虹,87.8
92,314,"530,668","46,682,348",88.0,20190819,87.6,88.2,9.84,0.2,5534,長虹,87.8
93,326,"432,063","37,961,231",87.8,20190816,87.5,88.2,9.82,0.3,5534,長虹,87.5
94,363,"485,426","42,592,588",87.5,20190815,87.5,88.2,9.79,0.7,5534,長虹,87.8
95,374,"465,332","41,159,080",88.2,20190814,88.1,88.8,9.87,0.6,5534,長虹,88.1
96,339,"431,185","38,028,237",87.6,20190813,87.6,88.9,9.8,1.1,5534,長虹,88.2
97,150,"220,441","19,572,112",88.7,20190812,88.7,89.1,10.67,0.0,5534,長虹,88.9
