,成交筆數,成交股數,成交金額,收盤價,日期,最低價,最高價,本益比,漲跌價差,證券代號,證券名稱,開盤價
0,238,"270,487","30,318,057",112.00,20191231,111.00,113.50,25.63,1.00,5203,訊連,113.50
1,183,"199,681","22,654,772",113.0,20191230,112.0,115.0,25.86,1.5,5203,訊連,114.5
2,190,"207,002","23,855,728",114.5,20191227,114.0,116.0,26.2,1.0,5203,訊連,114.0
3,129,"141,593","16,125,303",113.5,20191226,113.0,114.5,25.97,1.0,5203,訊連,113.0
4,125,"195,148","22,004,649",112.5,20191225,112.0,113.5,25.74,0.5,5203,訊連,112.0
5,110,"125,429","14,051,548",112.0,20191224,111.5,112.5,25.63,0.5,5203,訊連,112.0
6,139,"167,064","18,718,168",111.5,20191223,111.5,112.5,25.51,0.0,5203,訊連,112.5
7,195,"247,040","27,880,520",111.5,20191220,111.5,114.5,25.51,1.0,5203,訊連,113.0
8,398,"498,197","55,864,564",112.5,20191219,110.5,114.0,25.74,0.5,5203,訊連,113.0
9,"1,277","1,547,026","181,802,938",113.0,20191218,113.0,123.0,25.86,5.0,5203,訊連,123.0
10,406,"507,478","59,309,426",118.0,20191217,116.0,118.5,27.0,0.5,5203,訊連,116.5
11,870,"1,136,128","134,368,036",117.5,20191216,116.5,120.5,26.89,0.5,5203,訊連,118.0
12,"1,265","1,555,370","182,964,160",118.0,20191213,113.5,119.5,27.0,3.5,5203,訊連,115.0
13,522,"615,009","70,741,526",114.5,20191212,113.5,116.5,26.2,1.0,5203,訊連,114.5
14,583,"725,707","82,601,891",113.5,20191211,110.5,116.0,25.97,2.5,5203,訊連,110.5
15,420,"511,444","55,721,059",111.0,20191210,107.5,111.0,25.4,0.5,5203,訊連,109.0
16,363,"477,948","53,380,728",111.5,20191209,110.0,113.5,25.51,1.5,5203,訊連,113.0
17,270,"342,422","38,703,475",113.0,20191206,112.0,114.0,25.86,1.0,5203,訊連,112.0
18,241,"263,708","29,573,588",112.0,20191205,111.0,113.5,25.63,0.0,5203,訊連,112.0
19,269,"331,262","36,973,844",112.0,20191204,110.0,113.0,25.63,1.5,5203,訊連,110.0
20,427,"503,066","55,564,260",110.5,20191203,109.0,112.5,25.29,1.0,5203,訊連,110.5
21,873,"1,245,227","135,183,197",111.5,20191202,105.0,113.0,25.51,3.0,5203,訊連,108.5
22,520,"650,804","71,318,136",108.5,20191129,108.5,112.5,24.83,2.5,5203,訊連,111.0
23,552,"762,520","86,420,220",111.0,20191128,111.0,117.0,25.4,4.0,5203,訊連,115.0
24,270,"317,048","36,135,972",115.0,20191127,113.0,115.0,26.32,0.5,5203,訊連,114.5
25,373,"458,374","51,907,947",114.5,20191126,111.5,114.5,26.2,2.0,5203,訊連,114.5
26,303,"394,200","44,301,100",112.5,20191125,111.0,114.0,25.74,0.5,5203,訊連,112.0
27,536,"658,641","74,941,292",112.0,20191122,112.0,115.5,25.63,3.0,5203,訊連,115.5
28,851,"1,009,433","115,075,295",115.0,20191121,109.5,116.0,26.32,3.0,5203,訊連,111.5
29,307,"371,868","41,351,348",112.0,20191120,109.0,112.5,25.63,1.0,5203,訊連,110.5
30,614,"744,493","83,314,223",111.0,20191119,111.0,113.5,25.4,1.0,5203,訊連,112.0
31,606,"732,673","80,426,530",110.0,20191118,108.0,112.0,25.17,1.5,5203,訊連,112.0
32,"1,785","2,305,570","261,453,840",111.5,20191115,110.0,117.0,25.51,1.5,5203,訊連,111.0
33,665,"888,959","97,669,490",110.0,20191114,108.0,111.5,25.17,0.0,5203,訊連,109.5
34,978,"1,164,937","128,482,598",110.0,20191113,108.0,114.0,25.17,4.0,5203,訊連,114.0
35,653,"845,096","95,348,944",114.0,20191112,111.5,114.0,26.09,2.0,5203,訊連,113.5
36,"1,503","2,129,442","241,275,723",112.0,20191111,111.0,116.5,25.63,2.0,5203,訊連,114.5
37,"2,208","3,063,545","361,804,630",114.0,20191108,114.0,125.5,26.09,9.0,5203,訊連,123.5
38,"2,881","3,758,921","472,478,862",123.0,20191107,121.0,131.5,28.15,3.5,5203,訊連,126.5
39,"3,195","4,722,187","586,647,129",126.5,20191106,115.5,126.5,28.95,11.5,5203,訊連,115.5
40,"2,481","3,381,067","383,655,138",115.0,20191105,109.5,116.5,26.32,3.0,5203,訊連,111.0
41,"1,839","2,627,535","288,423,420",112.0,20191104,103.5,112.0,25.63,10.0,5203,訊連,103.5
42,493,"602,279","60,591,416",102.0,20191101,98.3,102.0,23.34,3.1,5203,訊連,99.0
43,"1,633","2,178,900","217,757,060",98.9,20191031,98.1,102.0,22.63,1.5,5203,訊連,98.5
44,554,"641,108","62,347,154",97.4,20191030,95.7,98.2,27.75,1.4,5203,訊連,96.0
45,"1,275","1,593,909","154,687,364",96.0,20191029,95.7,100.0,27.35,3.1,5203,訊連,100.0
46,568,"666,329","65,817,034",99.1,20191028,97.0,99.6,28.23,2.5,5203,訊連,97.0
47,249,"253,474","24,569,136",96.6,20191025,96.0,97.6,27.52,0.4,5203,訊連,96.7
48,595,"731,399","70,545,540",96.2,20191024,95.1,97.9,27.41,1.1,5203,訊連,97.3
49,488,"565,820","55,762,203",97.3,20191023,97.1,101.0,27.72,1.7,5203,訊連,99.1
50,249,"282,919","27,805,386",99.0,20191022,97.4,99.0,28.21,1.3,5203,訊連,98.0
51,239,"253,799","24,927,200",97.7,20191021,96.6,99.2,27.83,1.1,5203,訊連,96.6
52,190,"283,403","27,372,188",96.6,20191018,96.3,97.1,27.52,0.1,5203,訊連,96.7
53,191,"222,200","21,517,939",96.7,20191017,96.5,97.4,27.55,0.7,5203,訊連,97.1
54,289,"406,391","39,647,064",97.4,20191016,97.0,98.2,27.75,0.2,5203,訊連,97.0
55,255,"285,666","27,704,202",97.2,20191015,96.3,97.7,27.69,0.6,5203,訊連,96.6
56,468,"508,149","49,289,332",96.6,20191014,96.2,98.1,27.52,1.5,5203,訊連,98.1
57,939,"1,079,238","105,698,054",95.1,20191009,95.1,100.0,27.09,0.4,5203,訊連,97.5
58,187,"192,355","18,275,465",95.5,20191008,94.0,96.0,27.21,1.6,5203,訊連,94.0
59,82,"95,315","8,942,147",93.9,20191007,93.3,94.5,26.75,0.8,5203,訊連,93.3
60,194,"227,150","21,255,179",93.1,20191004,93.0,94.4,26.52,0.2,5203,訊連,93.5
61,128,"149,605","13,868,643",92.9,20191003,92.1,93.7,26.47,0.1,5203,訊連,92.6
62,140,"173,764","16,196,973",93.0,20191002,92.5,94.2,26.5,0.3,5203,訊連,93.1
63,226,"232,721","21,816,165",93.3,20191001,93.1,95.1,26.58,0.1,5203,訊連,95.1
64,219,"264,712","24,883,886",93.2,20190927,93.1,95.6,26.55,1.5,5203,訊連,95.0
65,413,"494,724","47,667,525",94.7,20190926,94.7,98.0,26.98,1.7,5203,訊連,96.3
66,275,"305,509","29,458,364",96.4,20190925,96.0,97.9,27.46,1.1,5203,訊連,97.0
67,758,"923,513","91,649,311",97.5,20190924,97.4,102.5,27.78,3.0,5203,訊連,102.0
68,827,"999,421","101,587,205",100.5,20190923,99.8,104.0,28.63,3.5,5203,訊連,103.0
69,"1,844","2,529,984","257,366,252",104.0,20190920,98.3,104.5,29.63,8.0,5203,訊連,101.5
70,137,"165,350","15,857,758",96.0,20190919,95.4,96.4,27.35,0.2,5203,訊連,96.3
71,152,"168,195","16,199,936",96.2,20190918,95.7,96.9,27.41,0.2,5203,訊連,96.0
72,206,"277,350","26,702,892",96.0,20190917,95.7,97.0,27.35,1.0,5203,訊連,97.0
73,367,"450,109","43,569,017",97.0,20190916,95.4,98.0,27.64,0.5,5203,訊連,96.5
74,362,"445,828","43,554,014",96.5,20190912,96.5,100.0,27.49,3.1,5203,訊連,100.0
75,148,"160,537","15,847,063",99.6,20190911,96.9,99.7,28.38,1.6,5203,訊連,99.0
76,354,"421,471","41,318,471",98.0,20190910,96.8,101.5,27.92,1.0,5203,訊連,99.2
77,319,"339,220","33,340,641",99.0,20190909,96.2,99.5,28.21,1.0,5203,訊連,98.5
78,667,"855,211","85,875,245",98.0,20190906,98.0,105.0,27.92,5.0,5203,訊連,105.0
79,656,"893,396","90,983,192",103.0,20190905,99.9,103.5,29.34,1.0,5203,訊連,101.0
80,955,"1,254,278","128,821,205",102.0,20190904,101.0,105.0,29.06,0.5,5203,訊連,104.0
81,"1,550","2,144,950","217,070,106",102.5,20190903,98.2,104.5,29.2,5.9,5203,訊連,99.4
82,554,"625,700","60,186,200",96.6,20190902,92.7,98.0,27.52,3.9,5203,訊連,92.7
83,118,"129,504","12,028,966",92.7,20190830,92.5,93.7,26.41,0.4,5203,訊連,92.6
84,130,"135,147","12,466,824",92.3,20190829,91.5,93.4,26.3,0.3,5203,訊連,91.8
85,585,"654,346","61,903,054",92.0,20190828,92.0,97.5,26.21,1.2,5203,訊連,93.1
86,738,"828,543","76,602,781",93.2,20190827,87.9,95.5,26.55,5.8,5203,訊連,87.9
87,127,"139,386","12,050,916",87.4,20190826,85.2,87.4,24.9,0.9,5203,訊連,85.3
88,93,"97,960","8,424,741",86.5,20190823,85.2,86.8,24.64,0.9,5203,訊連,85.4
89,69,"96,099","8,212,754",85.6,20190822,85.0,85.9,24.39,0.1,5203,訊連,85.5
90,75,"79,527","6,789,209",85.7,20190821,84.9,85.8,24.42,0.6,5203,訊連,85.3
91,88,"98,199","8,346,715",85.1,20190820,84.4,85.4,24.24,0.1,5203,訊連,85.1
92,97,"111,001","9,456,885",85.0,20190819,84.5,86.2,24.22,0.1,5203,訊連,86.2
93,88,"107,099","9,124,515",85.1,20190816,85.0,85.7,24.24,0.1,5203,訊連,85.7
94,99,"113,420","9,569,213",85.2,20190815,83.0,85.2,24.27,1.0,5203,訊連,83.8
95,154,"179,010","14,982,537",84.2,20190814,82.6,85.2,23.99,0.0,5203,訊連,82.7
96,243,"430,243","36,680,727",85.0,20190813,85.0,85.9,24.22,1.2,5203,訊連,85.9
97,247,"269,597","23,399,597",86.2,20190812,85.9,87.8,24.56,0.5,5203,訊連,86.0
