,成交筆數,成交股數,成交金額,收盤價,日期,最低價,最高價,本益比,漲跌價差,證券代號,證券名稱,開盤價
0,"3,062","5,297,784","616,012,328",117.00,20191231,114.00,118.00,18.63,1.50,6278,台表科,115.00
1,"7,833","12,823,801","1,486,146,115",115.5,20191230,112.5,118.0,18.39,4.0,6278,台表科,113.0
2,"4,051","6,768,511","753,836,221",111.5,20191227,109.5,112.5,17.75,3.0,6278,台表科,109.5
3,"3,679","5,490,258","599,589,364",108.5,20191226,108.0,111.5,17.28,0.5,6278,台表科,108.5
4,"3,192","4,960,608","533,451,664",108.0,20191225,106.0,109.5,17.2,1.0,6278,台表科,108.5
5,"4,127","6,414,912","698,970,949",109.0,20191224,107.0,110.5,17.36,1.5,6278,台表科,108.0
6,"11,752","20,305,682","2,173,129,806",107.5,20191223,104.0,112.0,17.12,5.5,6278,台表科,112.0
7,"6,711","10,358,661","1,193,512,354",113.0,20191220,113.0,119.5,17.99,4.5,6278,台表科,118.5
8,"5,513","8,396,859","973,013,503",117.5,20191219,112.5,117.5,18.71,5.0,6278,台表科,113.5
9,"4,896","7,051,931","810,615,722",112.5,20191218,112.5,119.0,17.91,5.0,6278,台表科,118.5
10,"6,259","9,612,922","1,117,401,822",117.5,20191217,114.0,118.0,18.71,4.0,6278,台表科,115.0
11,"3,686","5,529,012","624,898,356",113.5,20191216,109.5,114.5,18.07,2.5,6278,台表科,110.5
12,"5,152","8,428,395","933,000,345",111.0,20191213,108.0,112.5,17.68,2.5,6278,台表科,109.5
13,"3,542","5,582,818","611,877,344",108.5,20191212,108.5,112.0,17.28,2.5,6278,台表科,111.0
14,"4,608","7,778,612","860,043,320",111.0,20191211,109.0,111.5,17.68,1.5,6278,台表科,111.0
15,"6,964","11,651,239","1,290,072,768",112.5,20191210,107.5,113.0,17.91,4.5,6278,台表科,107.5
16,"12,431","19,556,539","2,232,124,212",108.0,20191209,108.0,120.5,17.2,8.0,6278,台表科,118.5
17,"5,235","8,199,858","934,020,028",116.0,20191206,111.0,116.0,18.47,3.0,6278,台表科,112.0
18,"8,594","15,115,519","1,721,631,647",113.0,20191205,112.5,116.0,17.99,1.0,6278,台表科,114.0
19,"3,355","5,210,847","576,120,937",112.0,20191204,108.0,112.5,17.83,1.5,6278,台表科,109.5
20,"6,785","10,565,625","1,180,833,552",110.5,20191203,108.0,114.0,17.6,1.5,6278,台表科,109.0
21,"5,117","7,826,347","855,749,643",109.0,20191202,106.5,113.5,17.36,2.0,6278,台表科,113.0
22,"5,814","9,366,918","1,051,371,936",111.0,20191129,110.5,115.0,17.68,1.0,6278,台表科,112.5
23,"13,846","21,003,283","2,417,393,913",112.0,20191128,112.0,118.5,17.83,1.0,6278,台表科,114.5
24,"5,525","8,375,873","951,403,149",113.0,20191127,111.5,116.0,17.99,1.5,6278,台表科,114.0
25,"7,616","13,650,769","1,528,508,267",114.5,20191126,108.5,114.5,18.23,2.0,6278,台表科,112.5
26,"16,080","25,552,423","2,879,172,876",112.5,20191125,108.0,116.5,17.91,2.5,6278,台表科,110.5
27,"20,859","35,419,002","3,807,493,718",110.0,20191122,102.5,113.0,17.52,6.5,6278,台表科,103.5
28,"16,184","27,212,466","2,720,563,381",103.5,20191121,92.4,103.5,16.48,9.2,6278,台表科,93.9
29,"8,826","13,260,079","1,270,657,549",94.3,20191120,94.2,99.5,15.02,3.4,6278,台表科,98.8
30,"5,698","8,062,539","781,428,393",97.7,20191119,95.3,97.8,15.56,0.5,6278,台表科,96.6
31,"6,999","10,524,730","1,013,181,266",97.2,20191118,93.6,97.7,15.48,3.8,6278,台表科,93.9
32,"8,166","13,166,609","1,259,300,114",93.4,20191115,93.3,98.5,14.87,2.6,6278,台表科,97.0
33,"4,660","6,941,596","658,032,244",96.0,20191114,93.0,96.0,15.29,1.5,6278,台表科,94.7
34,"3,320","4,981,192","466,716,136",94.5,20191113,92.2,94.6,15.05,1.5,6278,台表科,93.0
35,"6,476","9,538,610","903,866,641",93.0,20191112,93.0,97.0,14.81,0.1,6278,台表科,93.7
36,"2,470","3,623,011","337,515,913",93.1,20191111,92.4,94.0,14.82,1.7,6278,台表科,94.0
37,"3,684","5,517,773","526,461,373",94.8,20191108,94.4,96.5,15.1,0.8,6278,台表科,95.6
38,"7,377","11,343,947","1,083,087,718",94.0,20191107,93.4,99.1,14.97,4.5,6278,台表科,98.6
39,"6,963","10,114,696","992,065,446",98.5,20191106,96.2,99.6,15.68,1.0,6278,台表科,98.0
40,"9,369","14,037,065","1,384,110,324",97.5,20191105,96.4,103.0,15.53,4.0,6278,台表科,102.5
41,"5,344","9,282,323","934,760,023",101.5,20191104,99.5,102.0,16.16,2.4,6278,台表科,100.5
42,"8,964","15,076,554","1,503,610,774",99.1,20191101,98.1,102.0,15.78,0.4,6278,台表科,100.0
43,"7,248","11,147,178","1,108,621,651",99.5,20191031,97.9,102.0,15.84,1.0,6278,台表科,102.0
44,"11,700","17,837,413","1,771,526,900",100.5,20191030,97.1,101.0,16.0,3.5,6278,台表科,97.8
45,"17,236","27,637,416","2,728,463,852",97.0,20191029,94.3,102.0,15.45,0.9,6278,台表科,98.6
46,"12,979","19,552,648","1,870,446,070",96.1,20191028,93.5,98.7,15.3,0.7,6278,台表科,97.2
47,"30,452","47,810,876","4,487,481,465",96.8,20191025,90.3,97.3,17.73,7.7,6278,台表科,90.3
48,"25,221","42,573,382","3,662,228,821",89.1,20191024,82.0,89.1,16.32,8.1,6278,台表科,82.7
49,"22,321","38,059,754","3,081,508,311",81.0,20191023,77.2,84.3,14.84,4.2,6278,台表科,77.6
50,"6,238","10,383,149","791,215,100",76.8,20191022,74.4,77.4,14.07,2.1,6278,台表科,75.2
51,"1,925","3,167,444","236,241,057",74.7,20191021,73.8,75.0,13.68,0.9,6278,台表科,74.8
52,"3,303","5,500,590","409,453,415",73.8,20191018,73.7,75.2,13.52,0.2,6278,台表科,73.7
53,"1,348","1,909,467","140,126,511",73.6,20191017,72.8,74.0,13.48,0.1,6278,台表科,73.5
54,"1,633","2,356,045","173,674,385",73.5,20191016,73.1,74.4,13.46,0.0,6278,台表科,74.3
55,"1,981","2,806,252","207,275,919",73.5,20191015,73.1,74.6,13.46,0.5,6278,台表科,74.0
56,"4,171","7,034,497","520,012,375",74.0,20191014,72.7,74.8,13.55,1.9,6278,台表科,73.5
57,"3,883","5,635,191","406,246,564",72.1,20191009,70.3,73.3,13.21,0.1,6278,台表科,71.6
58,"3,985","5,766,426","419,406,652",72.0,20191008,72.0,74.7,13.19,1.8,6278,台表科,74.4
59,"4,094","6,092,996","448,197,400",73.8,20191007,71.7,74.9,13.52,0.5,6278,台表科,73.5
60,"3,921","5,951,874","438,112,950",73.3,20191004,72.5,75.4,13.42,1.4,6278,台表科,74.9
61,"1,671","2,337,762","173,851,368",74.7,20191003,73.7,74.9,13.68,0.5,6278,台表科,74.2
62,"2,953","4,583,230","342,489,889",75.2,20191002,74.0,75.9,13.77,0.1,6278,台表科,74.8
63,"4,275","6,339,950","475,070,326",75.3,20191001,73.6,75.7,13.79,1.8,6278,台表科,74.0
64,"5,296","8,435,165","624,597,373",73.5,20190927,73.3,76.2,13.46,2.3,6278,台表科,76.1
65,"3,106","4,663,615","358,810,952",75.8,20190926,75.8,78.4,13.88,1.3,6278,台表科,77.7
66,"2,761","4,567,184","351,621,281",77.1,20190925,76.2,77.9,14.12,0.2,6278,台表科,77.5
67,"4,709","7,644,245","599,812,065",77.3,20190924,77.3,80.5,14.16,2.0,6278,台表科,80.2
68,"3,579","5,714,199","449,731,430",79.3,20190923,77.1,79.5,14.52,1.1,6278,台表科,78.3
69,"9,487","15,377,461","1,221,254,439",78.2,20190920,78.0,81.2,14.32,0.7,6278,台表科,79.6
70,"6,819","10,539,757","828,700,942",78.9,20190919,77.6,79.3,14.45,0.9,6278,台表科,78.0
71,"10,930","17,985,068","1,405,539,204",78.0,20190918,76.9,78.9,14.29,1.6,6278,台表科,77.4
72,"6,645","10,172,369","778,231,884",76.4,20190917,75.0,77.2,13.99,1.8,6278,台表科,75.1
73,"2,219","3,036,429","227,318,026",74.6,20190916,74.0,76.0,13.66,0.4,6278,台表科,75.2
74,"2,110","3,005,411","226,059,035",75.0,20190912,74.7,75.6,13.74,0.4,6278,台表科,75.4
75,"2,053","2,921,975","218,589,932",74.6,20190911,74.3,75.4,13.66,0.3,6278,台表科,75.0
76,"5,399","8,017,139","603,306,438",74.3,20190910,74.2,76.7,13.61,1.0,6278,台表科,76.0
77,"5,226","7,791,120","581,937,606",75.3,20190909,73.3,75.9,13.79,0.6,6278,台表科,73.6
78,"7,068","10,827,682","816,558,927",74.7,20190906,74.6,77.4,13.68,2.3,6278,台表科,76.5
79,"11,527","18,704,663","1,452,654,951",77.0,20190905,75.6,79.0,14.1,1.7,6278,台表科,75.9
80,"4,240","6,498,493","489,531,309",75.3,20190904,74.7,76.2,13.79,0.7,6278,台表科,74.9
81,"3,438","5,672,387","424,425,440",74.6,20190903,74.2,75.5,13.66,0.7,6278,台表科,75.4
82,"4,017","6,206,028","463,076,695",75.3,20190902,73.2,75.4,13.79,0.9,6278,台表科,74.0
83,"7,688","12,386,058","939,269,913",74.4,20190830,74.1,77.6,13.63,1.2,6278,台表科,76.6
84,"8,358","12,850,719","982,752,887",75.6,20190829,74.9,78.6,13.85,1.9,6278,台表科,78.6
85,"8,496","13,305,925","1,042,641,872",77.5,20190828,76.9,81.4,14.19,3.1,6278,台表科,80.6
86,"9,482","15,167,272","1,241,021,304",80.6,20190827,79.9,83.4,14.76,0.0,6278,台表科,82.8
87,"16,589","26,970,329","2,219,084,700",80.6,20190826,80.1,85.7,14.76,5.9,6278,台表科,85.0
88,"21,073","38,475,563","3,231,904,018",86.5,20190823,79.3,86.5,15.84,7.8,6278,台表科,79.7
89,"11,813","19,696,974","1,565,312,150",78.7,20190822,76.8,81.3,14.41,2.3,6278,台表科,77.5
90,"3,251","5,183,981","397,439,535",76.4,20190821,76.0,77.6,13.99,0.4,6278,台表科,77.0
91,"5,372","8,777,408","676,105,308",76.0,20190820,76.0,77.8,13.92,0.4,6278,台表科,76.8
92,"11,452","20,864,149","1,585,966,866",76.4,20190819,74.2,77.5,13.99,2.9,6278,台表科,74.9
93,"4,318","6,510,715","483,455,999",73.5,20190816,73.5,75.0,13.46,0.5,6278,台表科,74.3
94,"11,881","19,557,679","1,472,841,746",74.0,20190815,73.6,78.3,13.55,4.5,6278,台表科,77.0
95,"13,169","24,665,911","1,887,301,618",78.5,20190814,72.6,78.5,14.38,7.1,6278,台表科,73.0
96,"5,826","9,609,878","698,570,025",71.4,20190813,71.4,74.6,13.08,3.9,6278,台表科,74.3
97,"4,745","7,396,358","550,608,050",75.3,20190812,72.5,75.6,13.79,2.3,6278,台表科,73.3
