,成交筆數,成交股數,成交金額,收盤價,日期,最低價,最高價,本益比,漲跌價差,證券代號,證券名稱,開盤價
0,233,"531,442","33,329,755",62.80,20191231,62.10,63.00,14.95,0.70,6412,群電,62.10
1,253,"328,205","20,285,869",62.1,20191230,61.5,62.3,14.79,0.4,6412,群電,61.7
2,184,"280,600","17,310,938",61.7,20191227,61.5,62.0,14.69,0.2,6412,群電,61.8
3,183,"344,250","21,330,600",61.9,20191226,61.8,62.7,14.74,0.5,6412,群電,62.7
4,142,"177,774","11,016,375",62.4,20191225,61.6,62.4,14.86,0.8,6412,群電,61.6
5,217,"309,915","19,016,630",61.6,20191224,61.2,61.6,14.67,0.0,6412,群電,61.6
6,403,"632,500","39,190,248",61.6,20191223,61.5,62.7,14.67,1.0,6412,群電,62.6
7,259,"328,510","20,666,824",62.6,20191220,62.6,63.6,14.9,0.9,6412,群電,63.5
8,283,"337,311","21,351,623",63.5,20191219,62.8,63.8,15.12,0.3,6412,群電,63.0
9,333,"386,542","24,506,460",63.2,20191218,63.2,64.1,15.05,0.9,6412,群電,64.1
10,520,"589,295","37,722,002",64.1,20191217,63.6,64.3,15.26,0.5,6412,群電,63.9
11,461,"642,500","40,373,700",63.6,20191216,62.3,63.6,15.14,1.1,6412,群電,62.6
12,426,"481,300","30,108,200",62.5,20191213,62.0,63.2,14.88,0.0,6412,群電,62.7
13,815,"1,107,136","69,249,852",62.5,20191212,62.0,63.9,14.88,1.1,6412,群電,63.6
14,433,"527,237","33,586,169",63.6,20191211,63.5,64.2,15.14,0.6,6412,群電,64.0
15,385,"462,773","29,586,572",64.2,20191210,63.5,64.7,15.29,0.2,6412,群電,64.7
16,381,"461,370","29,623,728",64.4,20191209,63.5,64.7,15.33,1.0,6412,群電,63.6
17,565,"850,532","54,096,986",63.4,20191206,63.0,64.2,15.1,0.8,6412,群電,63.2
18,338,"492,119","31,332,601",64.2,20191205,63.3,64.2,15.29,1.3,6412,群電,63.3
19,793,"1,085,914","68,632,682",62.9,20191204,62.9,64.2,14.98,1.6,6412,群電,64.2
20,608,"759,355","48,661,189",64.5,20191203,63.1,64.8,15.36,0.9,6412,群電,63.1
21,513,"736,598","46,564,532",63.6,20191202,62.5,64.3,15.14,0.4,6412,群電,64.2
22,838,"1,253,130","80,790,820",64.0,20191129,63.7,66.0,15.24,1.5,6412,群電,65.0
23,"3,398","4,960,885","336,300,261",65.5,20191128,65.3,69.7,15.6,0.7,6412,群電,67.5
24,"1,080","1,608,880","106,047,580",66.2,20191127,65.2,66.2,15.76,1.0,6412,群電,65.2
25,920,"1,242,946","81,317,100",65.2,20191126,64.4,66.2,15.52,0.9,6412,群電,64.7
26,667,"877,579","56,155,069",64.3,20191125,63.6,64.4,15.31,0.2,6412,群電,63.8
27,803,"1,135,400","72,942,440",64.1,20191122,63.5,65.1,15.26,0.2,6412,群電,63.9
28,"1,749","3,690,350","237,626,210",64.3,20191121,62.5,65.6,15.31,0.1,6412,群電,63.8
29,"3,445","6,469,184","425,894,883",64.4,20191120,64.0,67.6,15.33,3.5,6412,群電,67.3
30,"3,034","4,675,230","311,861,546",67.9,20191119,64.2,68.0,16.17,3.7,6412,群電,64.5
31,730,"1,148,952","73,615,415",64.2,20191118,63.2,64.4,15.29,0.8,6412,群電,63.8
32,932,"1,319,884","84,195,830",63.4,20191115,63.0,64.7,15.1,0.9,6412,群電,64.4
33,448,"528,125","33,737,736",64.3,20191114,63.3,64.5,15.31,0.6,6412,群電,63.7
34,703,"1,066,227","67,855,728",63.7,20191113,63.1,64.4,15.17,1.1,6412,群電,64.4
35,915,"1,261,207","80,582,411",64.8,20191112,62.8,64.8,15.43,1.1,6412,群電,64.3
36,"1,497","2,101,641","135,556,193",63.7,20191111,63.6,66.8,15.17,2.6,6412,群電,66.8
37,"1,145","1,713,320","113,641,909",66.3,20191108,65.5,67.4,15.79,0.7,6412,群電,67.1
38,"3,148","4,579,376","303,643,492",67.0,20191107,64.9,67.6,15.95,1.8,6412,群電,65.5
39,"3,479","5,376,942","352,056,207",65.2,20191106,64.3,66.5,15.52,0.9,6412,群電,66.5
40,"7,704","12,892,717","818,502,355",66.1,20191105,61.5,66.1,15.74,6.0,6412,群電,61.9
41,968,"1,514,113","90,368,961",60.1,20191104,58.9,60.1,14.31,0.9,6412,群電,59.5
42,632,"997,519","59,418,366",59.2,20191101,59.2,60.0,17.94,0.2,6412,群電,59.3
43,"1,150","1,966,368","116,339,840",59.4,20191031,58.3,59.8,18.0,1.0,6412,群電,58.5
44,794,"1,185,659","69,243,222",58.4,20191030,57.9,58.8,17.7,0.7,6412,群電,58.4
45,655,"769,117","44,495,815",57.7,20191029,57.2,58.2,17.48,0.2,6412,群電,58.1
46,599,"829,550","48,057,200",57.9,20191028,57.5,58.2,17.55,0.5,6412,群電,58.0
47,635,"1,011,732","57,858,107",57.4,20191025,56.7,57.8,17.39,0.6,6412,群電,56.9
48,373,"524,642","29,540,206",56.8,20191024,55.6,56.8,17.21,1.0,6412,群電,56.0
49,368,"394,040","21,888,932",55.8,20191023,55.2,56.0,16.91,0.1,6412,群電,56.0
50,364,"418,684","23,344,260",55.7,20191022,55.5,56.0,16.88,0.0,6412,群電,55.8
51,249,"349,744","19,491,815",55.7,20191021,55.5,56.2,16.88,0.7,6412,群電,56.2
52,764,"1,612,516","90,050,756",56.4,20191018,55.0,56.4,17.09,0.7,6412,群電,55.7
53,316,"372,390","20,585,721",55.7,20191017,55.0,55.8,16.88,0.2,6412,群電,55.8
54,493,"547,792","30,515,669",55.9,20191016,55.1,56.2,16.94,0.7,6412,群電,55.3
55,286,"333,162","18,389,541",55.2,20191015,55.0,55.5,16.73,0.3,6412,群電,55.5
56,490,"565,605","31,396,977",55.5,20191014,55.3,56.0,16.82,0.0,6412,群電,55.7
57,438,"584,050","32,243,290",55.5,20191009,54.8,55.8,16.82,0.2,6412,群電,55.7
58,625,"887,130","49,095,354",55.7,20191008,55.0,55.9,16.88,0.1,6412,群電,55.8
59,516,"724,050","40,686,400",55.8,20191007,55.8,56.9,16.91,0.7,6412,群電,56.9
60,429,"685,049","38,808,872",56.5,20191004,56.3,57.6,17.12,0.7,6412,群電,57.6
61,464,"671,247","38,322,799",57.2,20191003,56.1,57.5,17.33,0.3,6412,群電,56.9
62,329,"503,580","28,522,943",56.9,20191002,55.9,57.0,17.24,0.8,6412,群電,55.9
63,487,"941,565","52,669,740",56.1,20191001,55.6,56.3,17.0,0.1,6412,群電,56.2
64,502,"757,377","43,007,686",56.0,20190927,56.0,57.6,16.97,1.6,6412,群電,57.6
65,246,"341,300","19,674,910",57.6,20190926,57.4,58.2,17.45,0.7,6412,群電,58.2
66,409,"533,395","30,798,427",58.3,20190925,57.1,58.3,17.67,0.3,6412,群電,57.6
67,382,"517,327","30,315,729",58.0,20190924,58.0,59.2,17.58,1.0,6412,群電,59.0
68,228,"286,070","16,872,208",59.0,20190923,58.6,59.5,17.88,0.1,6412,群電,59.4
69,345,"548,185","32,282,258",58.9,20190920,58.6,59.1,17.85,0.4,6412,群電,58.9
70,272,"411,380","24,097,927",58.5,20190919,58.3,59.0,17.73,0.0,6412,群電,59.0
71,571,"829,651","48,532,587",58.5,20190918,58.0,58.8,17.73,0.7,6412,群電,58.3
72,499,"749,198","43,680,644",57.8,20190917,57.8,59.4,17.52,0.0,6412,群電,58.5
73,406,"515,917","29,819,833",57.8,20190916,57.5,58.0,17.52,0.1,6412,群電,57.9
74,435,"594,548","34,408,118",57.9,20190912,57.5,58.3,17.55,0.3,6412,群電,57.8
75,317,"383,583","22,099,378",57.6,20190911,57.4,57.9,17.45,0.3,6412,群電,57.9
76,269,"311,943","18,031,322",57.9,20190910,57.4,58.0,17.55,0.2,6412,群電,58.0
77,411,"538,302","30,949,121",57.7,20190909,56.6,58.2,17.48,0.0,6412,群電,58.2
78,"1,256","1,823,156","107,465,416",57.7,20190906,57.6,60.2,17.48,0.4,6412,群電,58.9
79,474,"659,222","38,207,029",58.1,20190905,57.6,58.3,17.61,0.1,6412,群電,58.3
80,258,"330,372","19,129,763",58.0,20190904,57.6,58.2,17.58,0.3,6412,群電,58.0
81,208,"299,435","17,293,396",57.7,20190903,57.6,58.5,17.48,0.4,6412,群電,58.5
82,388,"694,506","40,547,343",58.1,20190902,57.6,59.0,17.61,0.0,6412,群電,58.3
83,371,"789,190","45,774,620",58.1,20190830,57.6,58.3,17.61,0.6,6412,群電,58.0
84,243,"444,010","25,424,571",57.5,20190829,56.9,57.6,17.42,0.0,6412,群電,57.5
85,214,"326,481","18,799,357",57.5,20190828,57.3,57.9,17.42,0.4,6412,群電,57.9
86,322,"609,998","35,301,382",57.9,20190827,57.6,58.6,17.55,0.4,6412,群電,58.6
87,309,"530,414","30,560,504",57.5,20190826,57.3,58.1,17.42,0.6,6412,群電,57.7
88,385,"740,411","43,129,674",58.1,20190823,57.9,58.5,17.61,0.1,6412,群電,58.4
89,469,"642,038","37,519,511",58.2,20190822,58.0,59.2,17.64,0.6,6412,群電,59.2
90,764,"1,316,999","77,429,138",58.8,20190821,58.4,59.2,17.82,0.5,6412,群電,59.0
91,628,"1,132,495","66,236,006",58.3,20190820,58.2,58.9,17.67,0.1,6412,群電,58.7
92,"1,125","1,758,696","103,228,003",58.2,20190819,57.9,59.4,17.64,0.6,6412,群電,58.1
93,588,"888,995","50,817,810",57.6,20190816,56.3,58.2,17.45,0.6,6412,群電,57.1
94,297,"416,698","23,853,886",57.0,20190815,56.6,57.8,17.27,0.6,6412,群電,57.3
95,495,"822,396","47,573,668",57.6,20190814,57.4,58.6,17.45,0.4,6412,群電,58.6
96,876,"1,260,498","73,448,883",58.0,20190813,57.3,59.4,17.58,0.3,6412,群電,58.3
97,"1,880","3,154,401","183,045,067",58.3,20190812,55.8,59.5,17.67,2.5,6412,群電,55.8
