,成交筆數,成交股數,成交金額,收盤價,日期,最低價,最高價,本益比,漲跌價差,證券代號,證券名稱,開盤價
0,141,"194,923","14,705,991",75.50,20191231,75.30,75.80,17.08,0.10,6214,精誠,75.70
1,211,"286,037","21,656,183",75.6,20191230,75.4,76.1,17.1,0.2,6214,精誠,75.5
2,121,"143,698","10,838,254",75.4,20191227,75.3,75.5,17.06,0.1,6214,精誠,75.4
3,135,"149,825","11,310,736",75.3,20191226,75.3,75.8,17.04,0.2,6214,精誠,75.5
4,185,"210,582","15,897,775",75.5,20191225,75.3,75.7,17.08,0.3,6214,精誠,75.5
5,145,"202,500","15,222,400",75.2,20191224,75.0,75.5,17.01,0.2,6214,精誠,75.0
6,169,"217,265","16,315,943",75.0,20191223,74.9,75.4,16.97,0.1,6214,精誠,75.0
7,155,"248,494","18,615,400",74.9,20191220,74.7,75.2,16.95,0.2,6214,精誠,74.7
8,267,"303,055","22,695,208",74.7,20191219,74.7,75.3,16.9,0.4,6214,精誠,75.1
9,226,"278,518","20,962,550",75.1,20191218,75.1,75.5,16.99,0.0,6214,精誠,75.5
10,313,"356,164","26,726,938",75.1,20191217,74.5,75.3,16.99,0.6,6214,精誠,74.5
11,379,"414,854","30,935,117",74.5,20191216,74.4,74.9,16.86,0.1,6214,精誠,74.6
12,242,"283,413","21,139,263",74.6,20191213,74.5,74.8,16.88,0.0,6214,精誠,74.8
13,236,"317,007","23,655,115",74.6,20191212,74.5,74.8,16.88,0.0,6214,精誠,74.7
14,144,"164,558","12,285,965",74.6,20191211,74.5,74.9,16.88,0.1,6214,精誠,74.6
15,139,"184,705","13,789,130",74.5,20191210,74.5,74.8,16.86,0.2,6214,精誠,74.8
16,194,"206,779","15,457,503",74.7,20191209,74.7,75.2,16.9,0.0,6214,精誠,75.2
17,196,"247,619","18,466,932",74.7,20191206,74.4,74.7,16.9,0.2,6214,精誠,74.5
18,332,"418,067","31,147,787",74.5,20191205,74.2,74.8,16.86,0.2,6214,精誠,74.8
19,223,"271,662","20,234,512",74.7,20191204,74.2,74.7,16.9,0.5,6214,精誠,74.7
20,472,"613,116","45,509,839",74.2,20191203,73.8,74.9,16.79,0.6,6214,精誠,74.8
21,278,"336,202","25,097,082",74.8,20191202,74.4,75.0,16.92,0.1,6214,精誠,74.5
22,404,"544,955","40,952,132",74.7,20191129,74.7,75.9,16.9,1.0,6214,精誠,75.6
23,171,"221,724","16,837,801",75.7,20191128,75.7,76.2,17.13,0.5,6214,精誠,76.2
24,193,"233,179","17,724,981",76.2,20191127,75.7,76.2,17.24,0.4,6214,精誠,75.8
25,146,"221,448","16,783,210",75.8,20191126,75.5,76.0,17.15,0.2,6214,精誠,76.0
26,384,"534,740","40,613,837",75.6,20191125,75.1,76.9,17.1,0.6,6214,精誠,76.2
27,273,"325,196","24,746,906",76.2,20191122,75.6,76.2,17.24,0.6,6214,精誠,75.6
28,273,"346,589","26,220,465",75.6,20191121,75.2,76.0,17.1,0.1,6214,精誠,75.5
29,387,"459,572","34,941,088",75.7,20191120,75.6,76.5,17.13,0.0,6214,精誠,76.0
30,205,"276,051","20,855,545",75.7,20191119,75.3,75.7,17.13,0.5,6214,精誠,75.4
31,355,"471,712","35,616,434",75.2,20191118,75.2,75.9,17.01,0.1,6214,精誠,75.7
32,363,"442,550","33,325,150",75.1,20191115,75.0,76.2,16.99,0.3,6214,精誠,76.2
33,390,"467,214","35,109,611",75.4,20191114,74.7,75.5,17.06,0.7,6214,精誠,74.9
34,226,"265,006","19,788,443",74.7,20191113,74.5,75.0,16.9,0.2,6214,精誠,75.0
35,269,"351,100","26,184,447",74.5,20191112,74.4,75.0,20.14,0.1,6214,精誠,75.0
36,306,"453,956","33,862,021",74.4,20191111,74.4,75.0,20.11,0.4,6214,精誠,74.4
37,411,"527,505","39,505,621",74.8,20191108,74.4,75.4,20.22,0.7,6214,精誠,74.9
38,369,"480,558","35,817,840",74.1,20191107,74.1,75.1,20.03,0.5,6214,精誠,74.8
39,386,"497,149","37,271,395",74.6,20191106,74.6,75.6,20.16,0.9,6214,精誠,75.5
40,343,"501,222","37,943,931",75.5,20191105,75.4,76.5,20.41,0.5,6214,精誠,76.4
41,650,"882,874","67,151,341",76.0,20191104,75.5,76.8,20.54,0.7,6214,精誠,76.5
42,622,"932,665","69,513,875",75.3,20191101,73.6,75.5,20.35,1.3,6214,精誠,74.0
43,497,"776,573","57,458,402",74.0,20191031,73.8,74.2,20.0,0.3,6214,精誠,73.9
44,299,"408,853","30,104,461",73.7,20191030,73.2,73.9,19.92,0.8,6214,精誠,73.3
45,207,"292,945","21,384,184",72.9,20191029,72.8,73.3,19.7,0.1,6214,精誠,73.0
46,264,"315,005","22,972,554",72.8,20191028,72.8,73.1,19.68,0.3,6214,精誠,73.1
47,205,"308,576","22,571,603",73.1,20191025,73.0,73.5,19.76,0.0,6214,精誠,73.5
48,163,"256,687","18,807,117",73.1,20191024,73.1,73.6,19.76,0.2,6214,精誠,73.4
49,389,"533,578","39,222,162",73.3,20191023,73.2,74.1,19.81,0.6,6214,精誠,74.0
50,191,"314,958","23,297,090",73.9,20191022,73.8,74.3,19.97,0.1,6214,精誠,74.3
51,390,"565,202","41,726,405",73.8,20191021,73.3,74.5,19.95,0.4,6214,精誠,74.3
52,529,"887,932","65,500,684",74.2,20191018,73.0,74.2,20.05,0.6,6214,精誠,73.7
53,228,"319,437","23,373,883",73.6,20191017,72.8,73.6,19.89,0.4,6214,精誠,73.4
54,375,"442,281","32,566,638",73.2,20191016,73.2,73.9,19.78,0.2,6214,精誠,73.8
55,216,"277,944","20,365,690",73.4,20191015,73.0,73.5,19.84,0.2,6214,精誠,73.0
56,354,"481,419","35,068,687",73.2,20191014,72.4,73.5,19.78,0.7,6214,精誠,72.5
57,233,"280,828","20,397,709",72.5,20191009,72.5,73.0,19.59,0.1,6214,精誠,72.5
58,161,"214,528","15,598,927",72.6,20191008,72.5,73.0,19.62,0.0,6214,精誠,72.6
59,141,"158,515","11,504,337",72.6,20191007,72.2,72.8,19.62,0.1,6214,精誠,72.5
60,159,"218,193","15,837,691",72.5,20191004,72.5,72.9,19.59,0.2,6214,精誠,72.7
61,164,"207,668","15,077,659",72.7,20191003,72.2,72.9,19.65,0.1,6214,精誠,72.3
62,227,"605,701","44,246,758",72.6,20191002,72.6,73.3,19.62,0.4,6214,精誠,73.0
63,186,"245,680","17,952,940",73.0,20191001,73.0,73.4,19.73,0.0,6214,精誠,73.0
64,277,"326,601","23,981,673",73.0,20190927,73.0,73.8,19.73,0.6,6214,精誠,73.8
65,179,"256,757","18,903,037",73.6,20190926,73.5,73.8,19.89,0.2,6214,精誠,73.5
66,296,"382,871","28,177,654",73.4,20190925,73.4,73.9,19.84,0.2,6214,精誠,73.8
67,309,"372,448","27,409,467",73.6,20190924,73.3,73.8,19.89,0.3,6214,精誠,73.3
68,196,"220,814","16,192,358",73.3,20190923,73.0,73.6,19.81,0.4,6214,精誠,73.0
69,288,"374,711","27,368,203",72.9,20190920,72.9,73.3,19.7,0.1,6214,精誠,73.1
70,139,"189,250","13,815,116",73.0,20190919,72.9,73.2,19.73,0.1,6214,精誠,73.1
71,301,"379,249","27,681,422",72.9,20190918,72.8,73.2,19.7,0.1,6214,精誠,73.0
72,145,"154,924","11,288,356",72.8,20190917,72.7,73.0,19.68,0.1,6214,精誠,73.0
73,165,"191,257","13,944,400",72.9,20190916,72.7,73.1,19.7,0.1,6214,精誠,72.8
74,456,"579,410","42,273,982",72.8,20190912,72.8,73.8,19.68,1.0,6214,精誠,73.8
75,556,"807,463","59,096,578",73.8,20190911,72.2,74.2,19.95,1.3,6214,精誠,72.6
76,229,"363,212","26,354,267",72.5,20190910,72.4,73.1,19.59,0.2,6214,精誠,73.0
77,136,"166,197","12,079,696",72.7,20190909,72.6,72.9,19.65,0.1,6214,精誠,72.8
78,191,"228,985","16,693,504",72.8,20190906,72.7,73.4,19.68,0.2,6214,精誠,73.2
79,195,"274,973","20,053,424",73.0,20190905,72.8,73.2,19.73,0.0,6214,精誠,73.0
80,210,"258,460","18,774,030",73.0,20190904,72.3,73.0,19.73,0.2,6214,精誠,72.7
81,127,"152,427","11,100,876",72.8,20190903,72.7,73.0,19.68,0.1,6214,精誠,72.9
82,135,"156,534","11,401,454",72.9,20190902,72.7,73.0,19.7,0.1,6214,精誠,73.0
83,281,"382,050","27,816,724",73.0,20190830,72.1,73.0,19.73,1.1,6214,精誠,72.1
84,361,"428,957","30,949,004",71.9,20190829,71.8,72.6,19.43,0.9,6214,精誠,72.6
85,170,"219,103","15,965,696",72.8,20190828,72.7,73.0,19.68,0.2,6214,精誠,73.0
86,122,"150,940","10,992,434",73.0,20190827,72.6,73.0,19.73,0.5,6214,精誠,72.7
87,189,"239,753","17,391,689",72.5,20190826,72.3,72.9,19.59,1.0,6214,精誠,72.6
88,236,"291,465","21,330,281",73.5,20190823,72.9,73.5,19.86,0.6,6214,精誠,73.1
89,267,"332,922","24,273,325",72.9,20190822,72.6,73.3,19.7,0.4,6214,精誠,73.0
90,229,"256,046","18,598,132",72.5,20190821,72.5,72.9,19.59,0.0,6214,精誠,72.5
91,205,"232,599","16,846,463",72.5,20190820,72.3,72.8,19.59,0.2,6214,精誠,72.3
92,297,"380,993","27,593,990",72.3,20190819,72.1,72.8,19.54,0.3,6214,精誠,72.6
93,224,"268,339","19,552,039",72.6,20190816,72.6,73.3,19.62,0.2,6214,精誠,72.8
94,248,"352,933","25,784,909",72.8,20190815,72.6,73.7,19.68,1.1,6214,精誠,73.7
95,412,"498,995","36,832,127",73.9,20190814,73.5,74.1,19.97,0.6,6214,精誠,73.7
96,328,"478,063","35,143,711",73.3,20190813,73.2,74.2,16.36,0.9,6214,精誠,74.2
97,500,"638,087","47,154,338",74.2,20190812,73.4,74.4,16.56,0.9,6214,精誠,73.4
