,成交筆數,成交股數,成交金額,收盤價,日期,最低價,最高價,本益比,漲跌價差,證券代號,證券名稱,開盤價
0,214,"242,800","16,444,500",67.50,20191231,67.50,68.40,12.96,0.90,6525,捷敏-KY,68.40
1,411,"444,487","30,492,858",68.4,20191230,68.1,69.3,13.13,0.8,6525,捷敏-KY,68.2
2,242,"301,330","20,263,108",67.6,20191227,66.6,67.6,12.98,0.8,6525,捷敏-KY,67.3
3,218,"270,414","18,150,955",66.8,20191226,66.8,67.5,12.82,0.0,6525,捷敏-KY,67.0
4,121,"120,776","8,067,330",66.8,20191225,66.6,67.0,12.82,0.6,6525,捷敏-KY,66.6
5,79,"74,020","4,907,520",66.2,20191224,66.0,66.7,12.71,0.0,6525,捷敏-KY,66.4
6,141,"159,400","10,599,399",66.2,20191223,66.1,66.8,12.71,0.5,6525,捷敏-KY,66.7
7,110,"107,653","7,171,986",66.7,20191220,66.3,66.9,12.8,0.1,6525,捷敏-KY,66.4
8,174,"194,550","12,986,474",66.6,20191219,66.5,67.1,12.78,0.0,6525,捷敏-KY,66.5
9,272,"318,459","21,245,523",66.6,20191218,66.3,67.5,12.78,0.3,6525,捷敏-KY,67.4
10,597,"711,219","47,487,824",66.9,20191217,65.6,67.2,12.84,1.8,6525,捷敏-KY,65.6
11,186,"243,189","15,816,500",65.1,20191216,64.4,65.4,12.5,0.5,6525,捷敏-KY,64.6
12,117,"131,019","8,480,427",64.6,20191213,64.5,65.0,12.4,0.2,6525,捷敏-KY,64.9
13,116,"118,076","7,649,540",64.8,20191212,64.6,65.0,12.44,0.2,6525,捷敏-KY,64.6
14,182,"217,061","14,031,371",64.6,20191211,64.4,65.0,12.4,0.5,6525,捷敏-KY,64.8
15,86,"128,411","8,354,755",65.1,20191210,65.0,65.2,12.5,0.3,6525,捷敏-KY,65.0
16,101,"105,540","6,923,216",65.4,20191209,65.4,65.9,12.55,0.1,6525,捷敏-KY,65.8
17,247,"265,090","17,411,085",65.3,20191206,64.6,66.4,12.53,0.7,6525,捷敏-KY,64.8
18,139,"126,061","8,133,235",64.6,20191205,64.3,64.9,12.4,0.5,6525,捷敏-KY,64.9
19,156,"205,200","13,194,899",64.1,20191204,64.1,64.8,12.3,0.5,6525,捷敏-KY,64.6
20,141,"156,485","10,086,328",64.6,20191203,64.1,64.9,12.4,0.1,6525,捷敏-KY,64.8
21,175,"228,410","14,752,384",64.5,20191202,64.3,65.5,12.38,1.0,6525,捷敏-KY,65.5
22,161,"257,050","16,857,600",65.5,20191129,65.4,65.9,12.57,0.3,6525,捷敏-KY,65.7
23,187,"230,607","15,217,139",65.8,20191128,65.8,66.3,12.63,0.3,6525,捷敏-KY,66.1
24,186,"229,860","15,162,643",66.1,20191127,65.8,66.5,12.69,0.2,6525,捷敏-KY,66.5
25,120,"114,332","7,575,505",66.3,20191126,66.1,66.6,12.73,0.1,6525,捷敏-KY,66.5
26,123,"137,954","9,115,941",66.2,20191125,65.9,66.3,12.71,0.3,6525,捷敏-KY,66.1
27,173,"197,826","13,064,916",65.9,20191122,65.8,66.5,12.65,0.4,6525,捷敏-KY,66.2
28,97,"161,050","10,690,218",66.3,20191121,66.0,66.7,12.73,0.0,6525,捷敏-KY,66.0
29,116,"126,569","8,390,924",66.3,20191120,65.7,66.6,12.73,0.0,6525,捷敏-KY,65.9
30,123,"136,214","9,076,386",66.3,20191119,66.3,67.0,12.73,0.4,6525,捷敏-KY,66.8
31,92,"108,510","7,222,413",66.7,20191118,66.3,67.2,12.8,0.4,6525,捷敏-KY,67.2
32,167,"199,050","13,162,116",66.3,20191115,65.3,66.6,12.73,1.0,6525,捷敏-KY,65.3
33,368,"501,574","32,933,138",65.3,20191114,65.1,66.7,12.53,1.4,6525,捷敏-KY,66.7
34,214,"242,260","16,231,935",66.7,20191113,66.6,67.5,12.8,0.0,6525,捷敏-KY,66.7
35,176,"191,060","12,739,320",66.7,20191112,65.5,67.2,12.8,0.7,6525,捷敏-KY,65.5
36,364,"469,875","31,413,861",66.0,20191111,66.0,67.9,12.67,2.0,6525,捷敏-KY,67.8
37,343,"409,523","28,031,566",68.0,20191108,68.0,69.6,13.05,1.0,6525,捷敏-KY,69.0
38,383,"504,110","34,958,590",69.0,20191107,68.8,70.3,10.6,1.4,6525,捷敏-KY,70.2
39,149,"204,093","14,387,330",70.4,20191106,70.2,70.8,10.81,0.1,6525,捷敏-KY,70.3
40,473,"602,088","42,481,884",70.3,20191105,70.2,71.9,10.8,1.3,6525,捷敏-KY,71.8
41,143,"136,040","9,728,557",71.6,20191104,71.3,71.7,11.0,0.3,6525,捷敏-KY,71.6
42,116,"109,860","7,812,718",71.3,20191101,70.7,71.4,10.95,0.1,6525,捷敏-KY,70.9
43,232,"231,358","16,543,287",71.4,20191031,71.1,71.9,10.97,0.4,6525,捷敏-KY,71.7
44,168,"175,210","12,453,310",71.0,20191030,70.9,71.7,10.91,0.2,6525,捷敏-KY,71.7
45,250,"306,019","21,886,249",71.2,20191029,71.2,72.2,10.94,0.3,6525,捷敏-KY,72.1
46,327,"409,211","29,257,600",71.5,20191028,70.8,72.3,10.98,0.8,6525,捷敏-KY,71.1
47,306,"390,815","27,804,712",70.7,20191025,70.7,72.0,10.86,1.1,6525,捷敏-KY,72.0
48,198,"238,390","17,112,823",71.8,20191024,71.3,72.4,11.03,0.2,6525,捷敏-KY,72.4
49,318,"381,519","27,322,913",72.0,20191023,71.1,72.0,11.06,0.5,6525,捷敏-KY,71.9
50,365,"444,140","31,922,204",71.5,20191022,71.5,72.6,10.98,1.1,6525,捷敏-KY,72.6
51,302,"372,819","27,035,088",72.6,20191021,72.0,73.4,11.15,0.3,6525,捷敏-KY,73.0
52,783,"921,246","66,968,332",72.9,20191018,71.8,73.4,11.2,1.2,6525,捷敏-KY,72.3
53,414,"506,783","36,378,080",71.7,20191017,70.6,72.4,11.01,0.6,6525,捷敏-KY,71.0
54,630,"816,090","58,524,670",71.1,20191016,70.6,72.7,10.92,0.7,6525,捷敏-KY,72.2
55,768,"931,418","66,344,391",71.8,20191015,69.9,71.8,11.03,1.9,6525,捷敏-KY,70.5
56,239,"272,090","19,057,082",69.9,20191014,69.7,70.4,10.74,0.4,6525,捷敏-KY,70.2
57,324,"384,360","26,690,318",69.5,20191009,69.0,70.5,10.68,0.5,6525,捷敏-KY,70.0
58,289,"344,822","24,231,840",70.0,20191008,69.9,71.0,10.75,0.4,6525,捷敏-KY,71.0
59,552,"718,168","50,748,100",70.4,20191007,70.0,71.5,10.81,1.1,6525,捷敏-KY,71.5
60,"1,094","1,399,518","99,069,721",71.5,20191004,69.6,71.7,10.98,1.0,6525,捷敏-KY,71.0
61,"1,440","1,929,407","134,820,819",70.5,20191003,67.3,70.8,10.83,2.3,6525,捷敏-KY,67.5
62,321,"369,644","25,082,751",68.2,20191002,66.9,68.2,10.48,1.1,6525,捷敏-KY,67.3
63,226,"267,908","17,903,136",67.1,20191001,66.2,67.5,10.31,1.1,6525,捷敏-KY,67.5
64,315,"383,500","25,444,699",66.0,20190927,65.6,67.8,10.14,1.4,6525,捷敏-KY,67.8
65,212,"242,520","16,396,900",67.4,20190926,67.3,68.4,10.35,0.5,6525,捷敏-KY,68.0
66,217,"227,321","15,492,893",67.9,20190925,67.7,69.3,10.43,0.9,6525,捷敏-KY,69.2
67,455,"524,976","36,018,839",68.8,20190924,67.9,69.0,10.57,1.0,6525,捷敏-KY,68.1
68,186,"202,740","13,739,664",67.8,20190923,67.4,68.3,10.41,0.0,6525,捷敏-KY,67.8
69,295,"387,610","26,408,057",67.8,20190920,67.7,68.8,10.41,0.0,6525,捷敏-KY,68.1
70,380,"559,727","38,039,615",67.8,20190919,67.4,68.5,10.41,0.5,6525,捷敏-KY,67.6
71,319,"367,408","24,854,150",67.3,20190918,67.0,68.7,10.34,0.7,6525,捷敏-KY,68.7
72,452,"565,005","38,767,340",68.0,20190917,67.8,69.5,10.45,0.3,6525,捷敏-KY,68.2
73,162,"159,847","10,861,531",67.7,20190916,67.5,68.4,10.4,0.1,6525,捷敏-KY,68.3
74,238,"266,630","18,151,114",67.8,20190912,67.6,68.7,10.41,0.2,6525,捷敏-KY,68.3
75,299,"308,520","21,096,360",68.0,20190911,68.0,69.0,10.45,0.3,6525,捷敏-KY,68.6
76,416,"482,031","32,850,190",67.7,20190910,67.7,69.4,10.4,1.7,6525,捷敏-KY,69.4
77,"1,304","1,725,380","119,773,581",69.4,20190909,68.2,70.3,10.66,1.4,6525,捷敏-KY,68.8
78,"1,072","1,348,442","90,530,497",68.0,20190906,66.0,68.2,10.45,2.6,6525,捷敏-KY,66.0
79,150,"168,060","11,015,116",65.4,20190905,65.4,66.0,10.05,0.1,6525,捷敏-KY,66.0
80,112,"115,429","7,558,142",65.5,20190904,65.3,65.8,10.06,0.1,6525,捷敏-KY,65.6
81,112,"114,830","7,525,948",65.6,20190903,65.2,65.9,10.08,0.2,6525,捷敏-KY,65.2
82,141,"130,202","8,479,870",65.4,20190902,64.8,65.7,10.05,0.4,6525,捷敏-KY,65.7
83,205,"242,860","15,788,900",65.0,20190830,64.5,65.4,9.98,0.9,6525,捷敏-KY,64.5
84,102,"98,835","6,335,221",64.1,20190829,63.7,64.4,9.85,0.1,6525,捷敏-KY,64.2
85,95,"100,985","6,479,836",64.0,20190828,63.7,64.6,9.83,0.1,6525,捷敏-KY,64.1
86,107,"113,715","7,269,902",64.1,20190827,63.7,64.1,9.85,0.8,6525,捷敏-KY,63.7
87,151,"161,110","10,205,340",63.3,20190826,63.1,63.7,9.72,1.1,6525,捷敏-KY,63.1
88,223,"306,700","19,773,960",64.4,20190823,64.2,65.1,9.89,0.4,6525,捷敏-KY,65.1
89,324,"393,545","25,708,725",64.8,20190822,64.7,66.6,9.95,1.2,6525,捷敏-KY,66.5
90,305,"348,347","22,994,302",66.0,20190821,65.4,67.1,10.14,0.3,6525,捷敏-KY,66.6
91,525,"640,030","42,561,483",66.3,20190820,65.9,67.2,10.18,0.7,6525,捷敏-KY,65.9
92,357,"395,036","25,861,952",65.6,20190819,64.8,65.8,10.08,1.1,6525,捷敏-KY,65.0
93,150,"157,890","10,235,993",64.5,20190816,64.4,65.2,9.91,0.2,6525,捷敏-KY,64.5
94,130,"128,150","8,216,745",64.3,20190815,63.8,64.3,9.88,0.4,6525,捷敏-KY,64.0
95,245,"270,962","17,667,333",64.7,20190814,64.7,65.8,9.94,0.4,6525,捷敏-KY,64.7
96,117,"119,230","7,647,504",64.3,20190813,63.5,64.8,9.88,0.1,6525,捷敏-KY,63.5
97,247,"257,561","16,573,068",64.2,20190812,62.7,65.5,9.86,1.5,6525,捷敏-KY,62.7
