,成交筆數,成交股數,成交金額,收盤價,日期,最低價,最高價,本益比,漲跌價差,證券代號,證券名稱,開盤價
0,35,"45,150","1,683,340",38.00,20191231,36.85,38.00,28.79,0.70,6442,光聖,36.85
1,9,"6,360","235,428",37.3,20191230,36.8,37.3,28.26,0.3,6442,光聖,36.8
2,33,"88,800","3,249,379",37.0,20191227,36.25,37.2,28.03,0.55,6442,光聖,37.2
3,33,"56,200","2,038,100",36.45,20191226,36.05,36.65,27.61,0.35,6442,光聖,36.6
4,21,"20,140","738,052",36.8,20191225,36.5,36.8,27.88,0.1,6442,光聖,36.55
5,18,"26,200","961,109",36.7,20191224,36.5,36.8,27.8,0.35,6442,光聖,36.8
6,8,"11,000","406,600",37.05,20191223,36.8,37.05,28.07,0.15,6442,光聖,36.8
7,15,"35,000","1,299,700",37.2,20191220,37.05,37.25,28.18,0.0,6442,光聖,37.2
8,13,"17,050","633,342",37.2,20191219,37.0,37.45,28.18,0.35,6442,光聖,37.3
9,30,"610,720","22,710,268",37.55,20191218,36.8,37.55,28.45,0.65,6442,光聖,36.8
10,14,"16,200","596,300",36.9,20191217,36.7,37.1,27.95,0.0,6442,光聖,36.7
11,22,"23,200","857,950",36.9,20191216,36.85,37.35,27.95,0.05,6442,光聖,37.0
12,16,"19,597","725,258",36.95,20191213,36.9,37.1,27.99,0.05,6442,光聖,37.1
13,26,"38,300","1,405,588",37.0,20191212,36.55,37.0,28.03,0.0,6442,光聖,37.0
14,41,"832,000","30,920,050",37.0,20191211,36.55,37.0,28.03,0.15,6442,光聖,36.8
15,17,"21,220","782,579",36.85,20191210,36.8,37.1,27.92,0.25,6442,光聖,37.1
16,17,"26,500","977,400",37.1,20191209,36.8,37.1,28.11,0.15,6442,光聖,36.8
17,31,"2,075,000","77,167,700",36.95,20191206,36.7,37.0,27.99,0.05,6442,光聖,36.7
18,4,"7,000","258,000",37.0,20191205,36.5,37.0,28.03,0.05,6442,光聖,36.5
19,9,"15,000","548,450",36.95,20191204,36.35,36.95,27.99,0.5,6442,光聖,36.45
20,10,"16,261","588,663",36.45,20191203,36.1,36.5,27.61,0.45,6442,光聖,36.5
21,15,"21,261","766,780",36.0,20191202,36.0,36.85,27.27,0.05,6442,光聖,36.05
22,11,"8,250","299,762",36.05,20191129,36.05,36.6,27.31,0.8,6442,光聖,36.6
23,19,"27,450","1,007,975",36.85,20191128,36.6,36.95,27.92,0.35,6442,光聖,36.85
24,12,"13,050","483,060",37.2,20191127,36.85,37.2,28.18,0.0,6442,光聖,36.85
25,14,"10,900","404,093",37.2,20191126,36.8,37.65,28.18,0.1,6442,光聖,37.65
26,10,"12,000","445,000",37.3,20191125,36.7,37.3,28.26,0.1,6442,光聖,37.0
27,21,"18,686","702,843",37.4,20191122,36.6,38.1,28.33,0.8,6442,光聖,36.6
28,13,"15,214","556,632",36.6,20191121,36.55,36.7,27.73,0.3,6442,光聖,36.6
29,7,"5,260","193,640",36.9,20191120,36.5,36.95,27.95,0.05,6442,光聖,36.5
30,27,"29,100","1,067,492",36.95,20191119,36.55,36.95,27.99,0.15,6442,光聖,36.7
31,5,"11,000","406,550",37.1,20191118,36.85,37.1,28.11,0.05,6442,光聖,36.85
32,6,"8,400","311,460",37.15,20191115,37.0,37.15,28.14,0.05,6442,光聖,37.0
33,24,"37,500","1,382,800",37.2,20191114,36.5,37.4,28.18,0.2,6442,光聖,37.4
34,7,"5,550","208,020",37.4,20191113,37.4,37.65,28.33,0.3,6442,光聖,37.4
35,21,"20,371","768,038",37.7,20191112,37.55,38.1,17.06,0.4,6442,光聖,38.1
36,11,"22,000","836,250",38.1,20191111,38.0,38.1,17.24,0.4,6442,光聖,38.05
37,9,"7,600","291,460",38.5,20191108,38.2,38.5,17.42,0.0,6442,光聖,38.2
38,8,"7,100","273,490",38.5,20191107,38.5,38.6,17.42,0.0,6442,光聖,38.6
39,8,"8,250","317,325",38.5,20191106,38.35,38.55,17.42,0.15,6442,光聖,38.55
40,48,"103,375","3,991,525",38.65,20191105,38.55,38.95,17.49,0.3,6442,光聖,38.9
41,25,"87,700","3,393,320",38.95,20191104,38.55,38.95,17.62,0.15,6442,光聖,38.55
42,28,"96,550","3,726,635",39.1,20191101,38.5,39.1,17.69,0.15,6442,光聖,38.8
43,31,"530,800","22,778,429",38.95,20191031,38.75,39.55,17.62,0.3,6442,光聖,39.55
44,25,"29,098","1,136,162",39.25,20191030,38.85,39.25,17.76,0.05,6442,光聖,39.15
45,49,"67,716","2,670,230",39.3,20191029,39.0,39.9,17.78,0.1,6442,光聖,39.9
46,47,"68,450","2,677,010",39.2,20191028,38.0,39.65,17.74,0.7,6442,光聖,38.0
47,13,"14,200","543,320",38.5,20191025,38.2,38.5,17.42,0.0,6442,光聖,38.2
48,35,"29,759","1,135,766",38.5,20191024,38.0,38.5,17.42,0.05,6442,光聖,38.1
49,4,"2,350","90,425",38.45,20191023,38.45,38.5,17.4,0.1,6442,光聖,38.5
50,21,"19,540","751,236",38.55,20191022,38.4,38.6,17.44,0.1,6442,光聖,38.5
51,13,"11,080","427,153",38.65,20191021,38.45,38.7,17.49,0.15,6442,光聖,38.7
52,23,"20,900","808,553",38.8,20191018,38.4,38.85,17.56,0.0,6442,光聖,38.8
53,10,"10,060","387,178",38.8,20191017,38.25,38.8,17.56,0.1,6442,光聖,38.25
54,12,"9,344","360,081",38.9,20191016,38.1,38.9,17.6,0.5,6442,光聖,38.1
55,7,"6,300","241,900",38.4,20191015,38.4,38.5,17.38,0.0,6442,光聖,38.4
56,20,"25,250","962,200",38.4,20191014,38.0,38.4,17.38,0.1,6442,光聖,38.2
57,31,"55,100","2,112,290",38.5,20191009,38.1,38.5,17.42,0.3,6442,光聖,38.45
58,27,"61,050","2,354,520",38.8,20191008,38.45,39.15,17.56,0.4,6442,光聖,39.15
59,28,"40,250","1,562,600",39.2,20191007,38.65,39.2,17.74,0.1,6442,光聖,39.15
60,27,"30,570","1,183,780",39.1,20191004,38.6,39.1,17.69,0.1,6442,光聖,38.7
61,16,"19,084","743,776",39.0,20191003,38.7,39.1,17.65,0.05,6442,光聖,38.7
62,18,"20,052","774,923",38.95,20191002,38.5,38.95,17.62,0.05,6442,光聖,38.6
63,7,"7,350","283,510",39.0,20191001,38.4,39.0,17.65,0.4,6442,光聖,38.4
64,18,"16,660","643,475",38.6,20190927,38.4,39.0,17.47,0.4,6442,光聖,39.0
65,13,"17,000","659,800",39.0,20190926,38.65,39.05,17.65,0.0,6442,光聖,39.05
66,39,"28,413","1,104,722",39.0,20190925,38.75,39.15,17.65,0.2,6442,光聖,39.15
67,56,"69,407","2,669,935",38.8,20190924,38.0,38.8,17.56,0.8,6442,光聖,38.0
68,15,"19,501","731,587",38.0,20190923,37.15,38.0,17.19,0.3,6442,光聖,37.5
69,4,"3,043","114,012",37.7,20190920,37.35,37.7,17.06,0.2,6442,光聖,37.35
70,11,"13,750","515,962",37.5,20190919,37.5,37.8,16.97,0.0,6442,光聖,37.5
71,22,"24,457","919,037",37.5,20190918,37.5,37.8,16.97,0.2,6442,光聖,37.6
72,17,"21,200","794,877",37.7,20190917,37.3,37.9,17.06,0.1,6442,光聖,37.9
73,12,"15,400","576,840",37.6,20190916,37.3,37.6,17.01,0.0,6442,光聖,37.6
74,13,"9,648","361,764",37.6,20190912,37.2,37.65,17.01,0.1,6442,光聖,37.2
75,16,"22,750","849,924",37.7,20190911,37.0,37.7,17.06,0.0,6442,光聖,37.5
76,13,"488,150","20,191,420",37.7,20190910,37.4,37.85,17.06,0.0,6442,光聖,37.7
77,12,"7,500","282,600",37.7,20190909,37.4,37.8,17.06,0.2,6442,光聖,37.8
78,14,"14,293","539,504",37.9,20190906,37.3,37.9,17.15,0.2,6442,光聖,37.3
79,19,"25,205","940,437",37.7,20190905,37.0,37.7,17.06,0.3,6442,光聖,37.0
80,20,"23,650","879,908",37.4,20190904,37.0,37.7,16.92,0.0,6442,光聖,37.0
81,10,"8,380","315,626",37.4,20190903,37.4,37.8,16.92,0.1,6442,光聖,37.7
82,16,"21,203","786,762",37.5,20190902,36.95,37.5,16.97,0.25,6442,光聖,37.1
83,42,"57,682","2,153,202",37.25,20190830,37.25,37.4,16.86,0.05,6442,光聖,37.4
84,17,"24,100","894,210",37.2,20190829,36.4,37.25,16.83,0.0,6442,光聖,36.4
85,24,"23,926","889,295",37.2,20190828,36.9,37.3,16.83,0.1,6442,光聖,37.3
86,29,"18,580","684,475",37.3,20190827,36.3,37.3,16.88,1.05,6442,光聖,36.3
87,34,"27,480","994,475",36.25,20190826,35.9,36.3,16.4,0.2,6442,光聖,35.9
88,36,"25,044","912,519",36.05,20190823,35.55,36.85,16.31,0.45,6442,光聖,35.55
89,23,"28,000","994,200",35.6,20190822,35.35,35.6,16.11,0.05,6442,光聖,35.55
90,21,"23,000","818,800",35.55,20190821,35.5,35.95,16.09,0.0,6442,光聖,35.6
91,26,"50,000","1,806,800",35.55,20190820,35.55,36.9,16.09,0.25,6442,光聖,35.8
92,10,"12,000","427,500",35.8,20190819,35.5,35.8,16.2,0.0,6442,光聖,35.6
93,13,"18,000","637,800",35.8,20190816,35.25,35.8,16.2,0.45,6442,光聖,35.4
94,14,"21,000","736,350",35.35,20190815,34.8,35.5,16.0,0.15,6442,光聖,34.8
95,51,"67,000","2,359,400",35.5,20190814,34.8,35.7,16.06,0.2,6442,光聖,35.5
96,13,"18,000","647,600",35.7,20190813,35.7,36.05,16.15,0.8,6442,光聖,36.05
97,4,"4,000","146,750",36.5,20190812,36.3,37.25,12.54,0.25,6442,光聖,36.3
