,成交筆數,成交股數,成交金額,收盤價,日期,最低價,最高價,本益比,漲跌價差,證券代號,證券名稱,開盤價
0,44,"67,119","2,894,552",43.20,20191231,43.00,43.30,14.21,0.05,6024,群益期,43.00
1,80,"81,121","3,506,283",43.15,20191230,43.1,43.5,14.19,0.35,6024,群益期,43.5
2,76,"82,902","3,605,836",43.5,20191227,43.4,43.55,14.31,0.1,6024,群益期,43.5
3,46,"48,500","2,099,998",43.4,20191226,43.2,43.4,14.28,0.2,6024,群益期,43.25
4,73,"104,261","4,490,921",43.2,20191225,42.95,43.3,14.21,0.25,6024,群益期,42.95
5,62,"82,400","3,539,609",42.95,20191224,42.9,43.05,14.13,0.1,6024,群益期,43.05
6,48,"58,421","2,513,128",43.05,20191223,43.0,43.05,14.16,0.0,6024,群益期,43.05
7,43,"93,320","4,016,122",43.05,20191220,42.95,43.1,14.16,0.05,6024,群益期,43.0
8,96,"118,992","5,118,402",43.0,20191219,43.0,43.15,14.14,0.1,6024,群益期,43.15
9,87,"140,212","6,042,287",43.1,20191218,43.0,43.15,14.18,0.1,6024,群益期,43.1
10,95,"132,245","5,683,609",43.0,20191217,42.85,43.1,14.14,0.0,6024,群益期,43.0
11,155,"219,400","9,381,850",43.0,20191216,42.45,43.0,14.14,0.05,6024,群益期,42.95
12,77,"95,974","4,124,669",42.95,20191213,42.9,43.0,14.13,0.05,6024,群益期,42.9
13,80,"117,349","5,038,068",42.9,20191212,42.9,43.0,14.11,0.0,6024,群益期,43.0
14,72,"86,625","3,708,687",42.9,20191211,42.75,42.9,14.11,0.15,6024,群益期,42.75
15,81,"113,989","4,874,724",42.75,20191210,42.7,42.9,14.06,0.0,6024,群益期,42.75
16,276,"419,147","17,795,109",42.75,20191209,42.25,42.75,14.06,0.2,6024,群益期,42.7
17,71,"97,028","4,160,854",42.95,20191206,42.8,43.05,14.13,0.15,6024,群益期,42.8
18,115,"161,941","6,940,713",42.8,20191205,42.8,43.0,14.08,0.0,6024,群益期,42.8
19,112,"159,500","6,828,800",42.8,20191204,42.7,43.05,14.08,0.15,6024,群益期,42.95
20,125,"192,825","8,280,854",42.95,20191203,42.85,43.1,14.13,0.05,6024,群益期,42.9
21,211,"334,304","14,356,930",42.9,20191202,42.8,43.3,14.11,0.45,6024,群益期,43.3
22,331,"595,852","25,942,320",43.35,20191129,43.25,44.0,14.26,0.75,6024,群益期,44.0
23,87,"107,433","4,728,131",44.1,20191128,43.85,44.15,14.51,0.3,6024,群益期,43.85
24,162,"255,794","11,212,444",43.8,20191127,43.7,44.2,14.41,0.4,6024,群益期,44.2
25,47,"57,500","2,541,100",44.2,20191126,44.1,44.3,14.54,0.05,6024,群益期,44.25
26,71,"91,287","4,026,497",44.15,20191125,44.0,44.2,14.52,0.1,6024,群益期,44.05
27,71,"98,369","4,336,697",44.05,20191122,44.0,44.2,14.49,0.1,6024,群益期,44.15
28,87,"157,994","6,965,134",44.15,20191121,43.95,44.25,14.52,0.0,6024,群益期,44.15
29,72,"91,136","4,016,801",44.15,20191120,44.0,44.3,14.52,0.0,6024,群益期,44.3
30,77,"112,692","4,967,598",44.15,20191119,44.0,44.2,14.52,0.1,6024,群益期,44.1
31,121,"178,949","7,933,138",44.25,20191118,44.2,44.45,14.56,0.15,6024,群益期,44.4
32,216,"308,617","13,620,235",44.4,20191115,43.6,44.4,14.61,0.65,6024,群益期,43.95
33,87,"162,529","7,083,341",43.75,20191114,43.5,43.8,14.39,0.05,6024,群益期,43.8
34,93,"124,213","5,413,225",43.8,20191113,43.45,43.8,14.41,0.25,6024,群益期,43.5
35,78,"100,044","4,349,517",43.55,20191112,43.35,43.6,13.83,0.05,6024,群益期,43.5
36,134,"174,103","7,609,999",43.5,20191111,43.5,44.1,13.81,0.45,6024,群益期,44.1
37,165,"270,550","11,887,125",43.95,20191108,43.85,44.0,13.95,0.1,6024,群益期,43.95
38,235,"347,393","15,229,493",43.85,20191107,43.6,44.0,13.92,0.3,6024,群益期,43.6
39,232,"313,298","13,591,986",43.55,20191106,43.1,43.6,13.83,0.45,6024,群益期,43.15
40,163,"257,299","11,078,212",43.1,20191105,42.85,43.25,13.68,0.15,6024,群益期,43.1
41,212,"473,818","20,371,643",42.95,20191104,42.9,43.15,13.63,0.05,6024,群益期,43.0
42,52,"65,800","2,817,908",42.9,20191101,42.8,42.9,13.62,0.05,6024,群益期,42.8
43,71,"93,065","3,988,588",42.95,20191031,42.8,42.95,13.63,0.05,6024,群益期,42.9
44,67,"67,853","2,906,534",42.9,20191030,42.75,42.9,13.62,0.1,6024,群益期,42.8
45,86,"157,562","6,758,657",42.8,20191029,42.75,43.0,13.59,0.05,6024,群益期,43.0
46,78,"116,197","4,991,309",42.85,20191028,42.85,43.15,13.6,0.1,6024,群益期,42.95
47,107,"155,265","6,671,445",42.95,20191025,42.9,43.15,13.63,0.15,6024,群益期,43.15
48,85,"139,043","5,990,206",43.1,20191024,43.0,43.2,13.68,0.1,6024,群益期,43.1
49,105,"191,331","8,227,014",43.0,20191023,42.85,43.2,13.65,0.05,6024,群益期,42.9
50,68,"79,221","3,405,312",42.95,20191022,42.8,43.1,13.63,0.15,6024,群益期,42.95
51,77,"81,781","3,490,810",42.8,20191021,42.5,42.85,13.59,0.1,6024,群益期,42.65
52,330,"605,600","25,819,859",42.7,20191018,42.45,42.9,13.56,0.25,6024,群益期,42.85
53,82,"119,188","5,113,584",42.95,20191017,42.7,43.0,13.63,0.05,6024,群益期,42.95
54,100,"109,740","4,713,643",43.0,20191016,42.85,43.0,13.65,0.0,6024,群益期,43.0
55,68,"72,928","3,134,594",43.0,20191015,42.9,43.1,13.65,0.0,6024,群益期,43.1
56,109,"138,591","5,960,749",43.0,20191014,42.75,43.25,13.65,0.2,6024,群益期,43.0
57,87,"84,650","3,626,428",42.8,20191009,42.8,43.0,13.59,0.2,6024,群益期,43.0
58,64,"77,300","3,325,037",43.0,20191008,42.9,43.1,13.65,0.1,6024,群益期,42.9
59,177,"238,716","10,266,038",42.9,20191007,42.9,43.2,13.62,0.4,6024,群益期,43.2
60,61,"79,000","3,428,100",43.3,20191004,43.25,43.55,13.75,0.15,6024,群益期,43.5
61,47,"61,200","2,662,400",43.45,20191003,43.45,43.9,13.79,0.0,6024,群益期,43.45
62,55,"72,000","3,121,098",43.45,20191002,43.3,43.45,13.79,0.0,6024,群益期,43.4
63,37,"39,365","1,711,341",43.45,20191001,43.4,43.55,13.79,0.05,6024,群益期,43.4
64,88,"131,819","5,744,725",43.5,20190927,43.4,43.95,13.81,0.1,6024,群益期,43.6
65,101,"144,685","6,293,013",43.6,20190926,43.4,43.65,13.84,0.05,6024,群益期,43.65
66,53,"69,537","3,035,165",43.65,20190925,43.6,43.7,13.86,0.2,6024,群益期,43.6
67,46,"51,244","2,247,635",43.85,20190924,43.8,43.9,13.92,0.05,6024,群益期,43.9
68,110,"173,319","7,592,970",43.8,20190923,43.5,44.0,13.9,0.2,6024,群益期,43.9
69,86,"112,599","4,951,706",44.0,20190920,43.9,44.1,13.97,0.15,6024,群益期,44.1
70,42,"47,730","2,104,765",44.15,20190919,44.05,44.15,14.02,0.05,6024,群益期,44.1
71,83,"121,320","5,341,210",44.1,20190918,43.95,44.15,14.0,0.1,6024,群益期,44.15
72,100,"123,300","5,445,805",44.2,20190917,44.0,44.35,14.03,0.1,6024,群益期,44.0
73,89,"145,600","6,415,849",44.1,20190916,43.95,44.3,14.0,0.15,6024,群益期,44.0
74,69,"98,400","4,321,640",43.95,20190912,43.85,44.0,13.95,0.0,6024,群益期,44.0
75,63,"55,646","2,448,133",43.95,20190911,43.9,44.2,13.95,0.25,6024,群益期,44.2
76,67,"104,100","4,584,034",44.2,20190910,43.95,44.25,14.03,0.05,6024,群益期,44.25
77,112,"151,756","6,716,764",44.25,20190909,44.1,44.4,14.05,0.3,6024,群益期,44.1
78,62,"100,920","4,436,569",43.95,20190906,43.9,44.05,13.95,0.0,6024,群益期,44.05
79,56,"82,537","3,625,678",43.95,20190905,43.8,44.1,13.95,0.1,6024,群益期,43.9
80,78,"100,900","4,451,388",44.05,20190904,44.0,44.2,13.98,0.1,6024,群益期,44.2
81,145,"238,217","10,556,124",44.15,20190903,43.9,44.6,14.02,0.2,6024,群益期,43.9
82,66,"96,172","4,218,150",43.95,20190902,43.7,44.0,13.95,0.1,6024,群益期,43.85
83,96,"117,054","5,136,363",43.85,20190830,43.7,44.05,13.92,0.15,6024,群益期,44.0
84,132,"183,749","8,063,489",44.0,20190829,43.4,44.1,13.97,0.3,6024,群益期,43.7
85,141,"180,176","7,804,766",43.7,20190828,42.75,43.7,13.16,0.85,6024,群益期,42.8
86,53,"60,600","2,592,769",42.85,20190827,42.6,42.9,12.91,0.25,6024,群益期,42.6
87,133,"189,532","8,083,413",42.6,20190826,42.5,42.9,12.83,0.35,6024,群益期,42.85
88,78,"164,500","7,071,700",42.95,20190823,42.95,43.1,12.94,0.0,6024,群益期,42.95
89,102,"198,158","8,528,844",42.95,20190822,42.9,43.1,12.94,0.1,6024,群益期,43.05
90,54,"114,000","4,917,700",43.05,20190821,43.05,43.25,12.97,0.05,6024,群益期,43.1
91,66,"116,965","5,044,188",43.1,20190820,43.0,43.25,12.98,0.1,6024,群益期,43.0
92,120,"210,552","9,073,110",43.0,20190819,43.0,43.25,12.95,0.1,6024,群益期,43.1
93,59,"70,050","3,018,001",43.1,20190816,43.0,43.2,12.98,0.1,6024,群益期,43.0
94,115,"182,338","7,858,814",43.0,20190815,42.9,43.4,12.95,0.45,6024,群益期,43.4
95,86,"142,600","6,197,266",43.45,20190814,43.4,43.6,13.09,0.05,6024,群益期,43.45
96,75,"111,272","4,833,081",43.4,20190813,43.3,43.5,13.07,0.05,6024,群益期,43.45
97,104,"175,796","7,605,091",43.45,20190812,43.0,43.6,13.09,0.45,6024,群益期,43.0
