,成交筆數,成交股數,成交金額,收盤價,日期,最低價,最高價,本益比,漲跌價差,證券代號,證券名稱,開盤價
0,280,"482,987","25,243,924",52.30,20191231,51.80,52.70,26.28,0.10,8996,高力,52.40
1,893,"1,320,844","69,031,553",52.4,20191230,51.0,54.3,26.33,1.3,8996,高力,53.4
2,"1,670","2,579,590","139,705,819",53.7,20191227,52.5,55.2,26.98,1.3,8996,高力,52.7
3,"1,653","2,449,378","128,563,402",52.4,20191226,51.3,54.2,26.33,2.1,8996,高力,54.2
4,"2,121","3,137,938","165,733,722",54.5,20191225,50.4,54.5,27.39,4.5,8996,高力,50.4
5,736,"1,083,657","54,137,366",50.0,20191224,49.3,50.4,25.13,0.7,8996,高力,50.1
6,"1,572","2,115,794","103,879,596",49.3,20191223,46.7,50.0,24.77,2.95,8996,高力,47.2
7,128,"171,733","8,010,127",46.35,20191220,46.15,46.95,23.29,0.2,8996,高力,46.15
8,88,"141,262","6,500,452",46.15,20191219,45.8,46.4,23.19,0.25,8996,高力,46.4
9,144,"198,001","9,170,646",46.4,20191218,46.0,46.7,23.32,0.2,8996,高力,46.6
10,404,"606,001","28,256,646",46.6,20191217,46.0,47.2,23.42,0.45,8996,高力,46.2
11,186,"236,122","10,814,762",46.15,20191216,45.1,46.15,23.19,0.75,8996,高力,45.2
12,121,"198,586","9,077,037",45.4,20191213,45.2,46.1,22.81,0.3,8996,高力,46.1
13,427,"636,100","29,021,887",45.7,20191212,45.05,46.15,22.96,1.1,8996,高力,45.2
14,136,"213,500","9,630,050",44.6,20191211,44.6,45.7,22.41,0.7,8996,高力,45.3
15,162,"260,623","11,755,835",45.3,20191210,44.6,45.35,22.76,0.25,8996,高力,44.6
16,296,"467,700","21,265,323",45.05,20191209,44.85,46.1,22.64,0.5,8996,高力,45.0
17,95,"124,500","5,574,674",44.55,20191206,44.4,45.3,22.39,0.15,8996,高力,44.4
18,58,"108,000","4,791,350",44.4,20191205,44.1,44.65,22.31,0.1,8996,高力,44.4
19,74,"129,800","5,719,799",44.3,20191204,43.8,44.4,22.26,0.0,8996,高力,44.0
20,58,"95,007","4,205,708",44.3,20191203,44.05,44.4,22.26,0.0,8996,高力,44.05
21,138,"204,475","9,058,897",44.3,20191202,43.9,45.25,22.26,0.65,8996,高力,45.25
22,96,"140,215","6,322,360",44.95,20191129,44.85,45.5,22.59,0.3,8996,高力,45.5
23,240,"364,500","16,581,100",45.25,20191128,44.9,46.15,22.74,0.3,8996,高力,44.9
24,131,"187,144","8,412,793",44.95,20191127,44.65,45.15,22.59,0.1,8996,高力,45.0
25,278,"403,411","18,164,912",45.05,20191126,44.55,45.35,22.64,0.0,8996,高力,44.9
26,721,"1,207,780","53,761,571",45.05,20191125,43.1,45.3,22.64,2.4,8996,高力,43.1
27,126,"224,300","9,614,084",42.65,20191122,42.6,43.1,21.43,0.35,8996,高力,43.0
28,261,"420,135","17,939,905",43.0,20191121,42.0,43.0,21.61,0.65,8996,高力,42.4
29,386,"562,209","23,690,878",42.35,20191120,40.9,42.65,21.28,1.25,8996,高力,40.9
30,80,"115,500","4,739,500",41.1,20191119,40.8,41.2,20.65,0.3,8996,高力,40.8
31,87,"117,515","4,777,559",40.8,20191118,40.1,40.85,20.5,0.7,8996,高力,40.1
32,46,"82,101","3,288,679",40.1,20191115,39.8,40.3,20.15,0.3,8996,高力,39.8
33,42,"67,000","2,668,800",39.8,20191114,39.7,40.2,20.0,0.2,8996,高力,40.2
34,44,"67,003","2,678,270",40.0,20191113,39.8,40.35,20.1,0.3,8996,高力,40.35
35,62,"85,001","3,410,340",40.3,20191112,39.8,40.3,20.25,0.3,8996,高力,39.8
36,112,"182,002","7,251,930",40.0,20191111,39.35,40.4,20.1,0.6,8996,高力,40.3
37,28,"31,101","1,264,380",40.6,20191108,40.6,40.8,20.2,0.15,8996,高力,40.65
38,52,"77,702","3,146,469",40.45,20191107,40.35,40.75,20.12,0.45,8996,高力,40.7
39,231,"303,150","12,435,684",40.9,20191106,40.0,42.05,20.35,1.0,8996,高力,40.0
40,62,"91,655","3,661,002",39.9,20191105,39.9,40.05,19.85,0.0,8996,高力,40.0
41,68,"108,599","4,343,877",39.9,20191104,39.85,40.3,19.85,0.05,8996,高力,40.0
42,13,"19,000","757,850",39.95,20191101,39.85,39.95,19.88,0.0,8996,高力,39.9
43,36,"38,128","1,523,431",39.95,20191031,39.85,40.2,19.88,0.25,8996,高力,40.0
44,25,"29,272","1,171,184",40.2,20191030,39.85,40.25,20.0,0.2,8996,高力,40.0
45,20,"17,145","685,150",40.0,20191029,39.85,40.05,19.9,0.05,8996,高力,40.05
46,35,"87,341","3,483,471",40.05,20191028,39.75,40.5,19.93,0.15,8996,高力,39.75
47,25,"23,300","931,139",39.9,20191025,39.9,40.0,19.85,0.1,8996,高力,40.0
48,50,"71,002","2,837,129",40.0,20191024,39.7,40.25,19.9,0.3,8996,高力,39.7
49,39,"73,000","2,893,000",39.7,20191023,39.5,39.9,19.75,0.3,8996,高力,39.5
50,42,"49,256","1,969,637",40.0,20191022,39.85,40.15,19.9,0.0,8996,高力,40.0
51,25,"55,155","2,196,869",40.0,20191021,39.7,40.35,19.9,0.25,8996,高力,40.0
52,54,"106,100","4,222,775",39.75,20191018,39.75,39.95,19.78,0.0,8996,高力,39.8
53,80,"109,000","4,350,750",39.75,20191017,39.75,40.1,19.78,0.15,8996,高力,40.0
54,105,"165,200","6,617,607",39.9,20191016,39.85,40.9,19.85,1.0,8996,高力,40.9
55,94,"95,986","3,876,825",40.9,20191015,39.75,40.9,20.35,0.95,8996,高力,39.95
56,79,"164,164","6,590,851",39.95,20191014,39.8,40.6,19.88,0.15,8996,高力,39.8
57,154,"206,239","8,230,149",39.8,20191009,39.7,40.5,19.8,1.0,8996,高力,40.5
58,27,"50,300","2,059,690",40.8,20191008,40.8,41.35,20.3,0.05,8996,高力,41.35
59,34,"50,033","2,049,248",40.85,20191007,40.75,41.45,20.32,0.05,8996,高力,40.9
60,40,"45,644","1,863,894",40.9,20191004,40.75,41.0,20.35,0.1,8996,高力,41.0
61,34,"42,000","1,722,800",41.0,20191003,40.85,41.2,20.4,0.3,8996,高力,41.05
62,41,"51,155","2,117,758",41.3,20191002,41.25,41.7,20.55,0.5,8996,高力,41.4
63,98,"143,964","6,059,701",41.8,20191001,41.4,42.9,20.8,0.2,8996,高力,42.9
64,162,"224,061","9,415,362",42.0,20190927,41.6,42.5,20.9,0.65,8996,高力,41.9
65,38,"43,384","1,794,231",41.35,20190926,41.2,41.65,20.57,0.4,8996,高力,41.55
66,50,"62,157","2,560,037",40.95,20190925,40.95,41.75,20.37,0.2,8996,高力,41.75
67,32,"36,013","1,489,433",41.15,20190924,41.15,41.65,20.47,0.55,8996,高力,41.5
68,47,"77,290","3,224,221",41.7,20190923,41.45,42.25,20.75,0.25,8996,高力,41.45
69,47,"61,730","2,570,802",41.45,20190920,41.3,42.25,20.62,0.15,8996,高力,41.3
70,26,"49,000","2,015,500",41.3,20190919,41.0,41.35,20.55,0.2,8996,高力,41.1
71,35,"42,303","1,741,552",41.1,20190918,41.1,41.3,20.45,0.05,8996,高力,41.3
72,17,"19,106","787,956",41.15,20190917,41.05,41.35,20.47,0.15,8996,高力,41.3
73,78,"93,703","3,876,298",41.3,20190916,41.0,42.15,20.55,0.9,8996,高力,42.0
74,30,"35,014","1,477,485",42.2,20190912,42.0,42.7,21.0,0.05,8996,高力,42.4
75,57,"77,001","3,244,342",42.25,20190911,42.0,42.45,21.02,0.0,8996,高力,42.25
76,227,"289,001","12,278,442",42.25,20190910,42.15,42.9,21.02,0.6,8996,高力,42.3
77,28,"33,156","1,380,973",41.65,20190909,41.3,41.8,20.72,0.05,8996,高力,41.75
78,46,"73,503","3,071,272",41.6,20190906,41.4,42.05,20.7,0.1,8996,高力,41.6
79,51,"77,100","3,195,930",41.5,20190905,41.2,41.9,20.65,0.25,8996,高力,41.5
80,30,"35,214","1,444,376",41.25,20190904,40.6,41.6,20.52,0.45,8996,高力,41.0
81,122,"146,335","6,034,550",40.8,20190903,40.8,42.25,20.3,1.25,8996,高力,42.25
82,137,"202,923","8,380,138",42.05,20190902,40.0,42.2,20.92,2.35,8996,高力,40.2
83,71,"101,000","4,015,600",39.7,20190830,39.6,39.95,19.75,0.1,8996,高力,39.7
84,47,"76,107","3,023,608",39.6,20190829,39.55,40.0,19.7,0.25,8996,高力,39.7
85,7,"4,241","168,877",39.85,20190828,39.65,39.95,19.83,0.05,8996,高力,39.8
86,44,"62,317","2,483,082",39.8,20190827,39.7,40.2,19.8,0.05,8996,高力,40.0
87,61,"95,003","3,793,620",39.75,20190826,39.75,40.75,19.78,1.0,8996,高力,40.75
88,38,"61,000","2,478,950",40.75,20190823,40.45,40.9,20.27,0.1,8996,高力,40.7
89,39,"66,212","2,683,039",40.65,20190822,40.3,40.7,20.22,0.35,8996,高力,40.3
90,38,"63,000","2,549,950",40.3,20190821,40.3,40.7,20.05,0.2,8996,高力,40.35
91,66,"75,100","3,043,640",40.5,20190820,39.9,40.9,20.15,0.6,8996,高力,39.9
92,69,"84,100","3,350,050",39.9,20190819,39.5,40.0,19.85,0.6,8996,高力,39.6
93,154,"272,111","10,660,767",39.3,20190816,38.9,39.8,19.55,0.2,8996,高力,39.8
94,133,"182,671","7,109,621",39.5,20190815,38.3,39.6,19.65,0.4,8996,高力,38.5
95,355,"511,775","20,648,200",39.9,20190814,39.8,41.45,19.85,1.55,8996,高力,41.2
96,32,"42,000","1,738,300",41.45,20190813,41.0,41.8,20.62,0.25,8996,高力,41.0
97,34,"46,000","1,918,900",41.7,20190812,41.6,41.9,20.75,0.05,8996,高力,41.6
