,成交筆數,成交股數,成交金額,收盤價,日期,最低價,最高價,本益比,漲跌價差,證券代號,證券名稱,開盤價
0,257,"904,746","26,973,899",29.90,20191231,29.75,29.90,23.18,0.05,8926,台汽電,29.80
1,275,"510,087","15,217,545",29.85,20191230,29.75,29.95,23.14,0.0,8926,台汽電,29.95
2,218,"303,756","9,047,959",29.85,20191227,29.7,29.85,23.14,0.15,8926,台汽電,29.7
3,305,"575,640","17,138,330",29.7,20191226,29.65,29.9,23.02,0.2,8926,台汽電,29.9
4,630,"1,044,846","31,209,430",29.9,20191225,29.75,29.95,23.18,0.15,8926,台汽電,29.75
5,535,"907,445","26,931,755",29.75,20191224,29.55,29.75,23.06,0.2,8926,台汽電,29.55
6,293,"543,662","16,019,949",29.55,20191223,29.4,29.55,22.91,0.1,8926,台汽電,29.45
7,264,"442,040","13,035,050",29.45,20191220,29.4,29.55,22.83,0.05,8926,台汽電,29.5
8,276,"508,701","14,982,139",29.5,20191219,29.4,29.55,22.87,0.05,8926,台汽電,29.55
9,373,"561,555","16,545,879",29.45,20191218,29.35,29.55,22.83,0.05,8926,台汽電,29.45
10,471,"891,181","26,185,009",29.4,20191217,29.3,29.5,22.79,0.0,8926,台汽電,29.5
11,245,"352,400","10,380,445",29.4,20191216,29.4,29.5,22.79,0.0,8926,台汽電,29.45
12,262,"392,872","11,567,227",29.4,20191213,29.4,29.55,22.79,0.05,8926,台汽電,29.55
13,404,"635,226","18,688,545",29.45,20191212,29.35,29.6,22.83,0.0,8926,台汽電,29.45
14,467,"762,896","22,546,828",29.45,20191211,29.45,29.75,22.83,0.15,8926,台汽電,29.65
15,774,"1,340,814","39,525,832",29.6,20191210,29.2,29.7,22.95,0.35,8926,台汽電,29.4
16,271,"495,770","14,528,443",29.25,20191209,29.25,29.4,22.67,0.05,8926,台汽電,29.4
17,201,"377,126","11,059,489",29.3,20191206,29.3,29.4,22.71,0.05,8926,台汽電,29.3
18,201,"280,064","8,208,876",29.35,20191205,29.25,29.4,22.75,0.1,8926,台汽電,29.3
19,204,"316,492","9,240,984",29.25,20191204,29.15,29.25,22.67,0.05,8926,台汽電,29.2
20,345,"651,593","18,993,530",29.2,20191203,29.05,29.25,22.64,0.0,8926,台汽電,29.2
21,324,"595,227","17,400,556",29.2,20191202,29.2,29.3,22.64,0.05,8926,台汽電,29.25
22,528,"1,009,349","29,564,189",29.25,20191129,29.25,29.45,22.67,0.15,8926,台汽電,29.45
23,522,"701,545","20,650,874",29.4,20191128,29.4,29.6,22.79,0.2,8926,台汽電,29.6
24,294,"440,963","13,009,199",29.6,20191127,29.45,29.6,22.95,0.05,8926,台汽電,29.55
25,339,"470,449","13,870,759",29.55,20191126,29.45,29.55,22.91,0.05,8926,台汽電,29.55
26,221,"443,411","13,035,088",29.5,20191125,29.35,29.5,22.87,0.15,8926,台汽電,29.45
27,183,"319,211","9,377,408",29.35,20191122,29.3,29.45,22.75,0.05,8926,台汽電,29.3
28,267,"459,352","13,471,423",29.3,20191121,29.3,29.45,22.71,0.15,8926,台汽電,29.45
29,223,"407,013","11,943,782",29.45,20191120,29.3,29.45,22.83,0.1,8926,台汽電,29.35
30,236,"366,671","10,776,669",29.35,20191119,29.3,29.5,22.75,0.0,8926,台汽電,29.35
31,277,"439,804","12,890,829",29.35,20191118,29.25,29.35,22.75,0.0,8926,台汽電,29.35
32,234,"368,878","10,831,888",29.35,20191115,29.35,29.45,22.75,0.0,8926,台汽電,29.35
33,754,"1,625,963","47,740,403",29.35,20191114,29.25,29.6,22.75,0.3,8926,台汽電,29.6
34,"1,258","2,246,861","66,457,499",29.65,20191113,29.35,29.9,22.98,0.6,8926,台汽電,29.9
35,"1,074","2,211,194","66,575,177",30.25,20191112,29.85,30.3,23.45,0.5,8926,台汽電,29.9
36,547,"1,103,343","32,737,166",29.75,20191111,29.55,29.9,18.95,0.0,8926,台汽電,29.9
37,743,"1,372,100","40,827,618",29.75,20191108,29.45,30.2,18.95,0.45,8926,台汽電,29.5
38,225,"432,457","12,679,281",29.3,20191107,29.25,29.45,18.66,0.0,8926,台汽電,29.35
39,288,"552,076","16,164,438",29.3,20191106,29.2,29.45,18.66,0.0,8926,台汽電,29.3
40,365,"650,449","19,093,610",29.3,20191105,29.3,29.5,18.66,0.2,8926,台汽電,29.5
41,448,"766,352","22,535,712",29.5,20191104,29.25,29.5,18.79,0.25,8926,台汽電,29.25
42,247,"536,822","15,722,880",29.25,20191101,29.25,29.35,18.63,0.05,8926,台汽電,29.3
43,198,"430,012","12,611,343",29.3,20191031,29.25,29.4,18.66,0.0,8926,台汽電,29.3
44,149,"260,505","7,634,344",29.3,20191030,29.25,29.35,18.66,0.0,8926,台汽電,29.3
45,238,"360,810","10,566,626",29.3,20191029,29.25,29.4,18.66,0.0,8926,台汽電,29.35
46,278,"538,887","15,797,781",29.3,20191028,29.25,29.4,18.66,0.0,8926,台汽電,29.3
47,272,"514,699","15,114,207",29.3,20191025,29.3,29.5,18.66,0.05,8926,台汽電,29.4
48,200,"288,217","8,453,574",29.35,20191024,29.25,29.45,18.69,0.1,8926,台汽電,29.25
49,424,"637,625","18,692,290",29.25,20191023,29.2,29.4,18.63,0.05,8926,台汽電,29.3
50,651,"1,447,339","42,657,125",29.3,20191022,29.3,29.8,18.66,0.45,8926,台汽電,29.8
51,532,"1,168,560","34,704,000",29.75,20191021,29.55,29.9,18.95,0.15,8926,台汽電,29.9
52,435,"1,167,239","34,626,848",29.9,20191018,29.2,29.9,19.04,0.6,8926,台汽電,29.3
53,258,"367,261","10,761,275",29.3,20191017,29.15,29.4,18.66,0.2,8926,台汽電,29.15
54,599,"787,406","23,011,273",29.1,20191016,29.05,29.35,18.54,0.1,8926,台汽電,29.05
55,394,"666,788","19,291,558",29.0,20191015,28.8,29.0,18.47,0.2,8926,台汽電,28.8
56,"1,348","2,535,727","72,705,385",28.8,20191014,28.45,29.15,18.34,0.2,8926,台汽電,29.0
57,650,"1,049,308","30,582,391",29.0,20191009,29.0,29.4,18.47,0.3,8926,台汽電,29.3
58,399,"804,903","23,632,291",29.3,20191008,29.3,29.45,18.66,0.0,8926,台汽電,29.3
59,455,"1,063,682","31,186,246",29.3,20191007,29.25,29.45,18.66,0.1,8926,台汽電,29.4
60,259,"446,090","13,115,203",29.4,20191004,29.35,29.5,18.73,0.05,8926,台汽電,29.45
61,455,"818,130","24,064,822",29.45,20191003,29.2,29.6,18.76,0.05,8926,台汽電,29.2
62,332,"581,203","17,060,060",29.4,20191002,29.25,29.45,18.73,0.05,8926,台汽電,29.4
63,412,"799,520","23,513,202",29.45,20191001,29.2,29.6,18.76,0.15,8926,台汽電,29.3
64,553,"977,924","28,635,410",29.3,20190927,29.15,29.5,18.66,0.15,8926,台汽電,29.45
65,616,"1,167,368","34,335,177",29.45,20190926,29.2,29.65,18.76,0.05,8926,台汽電,29.4
66,"1,016","2,381,785","69,781,323",29.4,20190925,28.9,29.6,18.73,0.2,8926,台汽電,29.1
67,"2,245","4,745,148","140,315,527",29.2,20190924,29.1,30.35,18.6,1.15,8926,台汽電,30.35
68,"1,564","3,039,545","92,686,542",30.35,20190923,30.15,31.0,19.33,0.35,8926,台汽電,30.8
69,"2,727","6,812,912","209,045,443",30.7,20190920,30.1,31.0,19.55,0.5,8926,台汽電,30.2
70,"2,220","5,926,373","177,464,862",30.2,20190919,29.5,30.25,19.24,0.7,8926,台汽電,29.6
71,"1,533","3,383,685","99,882,051",29.5,20190918,29.05,29.8,18.79,0.45,8926,台汽電,29.1
72,616,"1,265,032","36,875,325",29.05,20190917,29.05,29.35,18.5,0.2,8926,台汽電,29.25
73,"1,264","3,260,727","95,091,496",29.25,20190916,28.8,29.55,18.63,0.5,8926,台汽電,28.8
74,618,"1,493,381","42,815,165",28.75,20190912,28.45,28.8,18.31,0.05,8926,台汽電,28.8
75,691,"1,235,364","35,579,727",28.8,20190911,28.75,28.9,18.34,0.05,8926,台汽電,28.85
76,"1,197","2,710,077","77,906,203",28.85,20190910,28.5,28.85,18.38,0.55,8926,台汽電,28.5
77,365,"650,234","18,364,662",28.3,20190909,28.15,28.35,18.03,0.15,8926,台汽電,28.15
78,337,"805,794","22,771,596",28.15,20190906,28.15,28.4,17.93,0.05,8926,台汽電,28.3
79,360,"854,986","24,154,250",28.2,20190905,28.2,28.3,17.96,0.0,8926,台汽電,28.2
80,409,"856,906","24,118,245",28.2,20190904,28.05,28.25,17.96,0.05,8926,台汽電,28.1
81,687,"1,282,450","36,143,109",28.15,20190903,28.1,28.45,17.93,0.25,8926,台汽電,28.4
82,"1,277","2,807,223","80,154,023",28.4,20190902,28.35,28.95,18.09,0.25,8926,台汽電,28.35
83,"1,359","3,514,813","98,302,824",28.15,20190830,27.7,28.15,17.93,0.55,8926,台汽電,27.7
84,720,"1,775,782","49,057,724",27.6,20190829,27.5,27.7,17.58,0.1,8926,台汽電,27.5
85,350,"886,897","24,346,516",27.5,20190828,27.4,27.5,17.52,0.2,8926,台汽電,27.4
86,422,"1,122,756","30,765,625",27.3,20190827,27.3,27.5,17.39,0.15,8926,台汽電,27.5
87,388,"1,038,488","28,405,720",27.45,20190826,27.15,27.45,17.48,0.05,8926,台汽電,27.35
88,337,"756,410","20,756,311",27.4,20190823,27.4,27.5,17.45,0.1,8926,台汽電,27.5
89,412,"969,603","26,607,108",27.5,20190822,27.35,27.5,17.52,0.05,8926,台汽電,27.45
90,430,"728,247","19,982,390",27.45,20190821,27.35,27.5,17.48,0.05,8926,台汽電,27.45
91,563,"1,202,600","33,063,794",27.5,20190820,27.4,27.6,17.52,0.0,8926,台汽電,27.5
92,698,"1,888,089","51,742,440",27.5,20190819,27.25,27.55,17.52,0.25,8926,台汽電,27.25
93,532,"1,316,897","35,892,781",27.25,20190816,27.2,27.35,17.36,0.0,8926,台汽電,27.25
94,549,"2,029,680","55,298,754",27.25,20190815,27.1,27.35,17.36,0.0,8926,台汽電,27.15
95,590,"1,818,642","49,488,818",27.25,20190814,27.1,27.35,17.36,0.05,8926,台汽電,27.35
96,778,"2,207,032","59,720,164",27.2,20190813,26.85,27.2,17.32,0.3,8926,台汽電,26.9
97,502,"1,095,189","29,371,681",26.9,20190812,26.7,26.95,18.42,0.1,8926,台汽電,26.75
