,成交筆數,成交股數,成交金額,收盤價,日期,最低價,最高價,本益比,漲跌價差,證券代號,證券名稱,開盤價
0,183,"305,415","11,412,637",37.30,20191231,37.25,37.50,13.87,0.20,8131,福懋科,37.50
1,223,"426,543","15,981,611",37.5,20191230,37.35,37.7,13.94,0.05,8131,福懋科,37.55
2,276,"478,243","17,965,212",37.55,20191227,37.5,37.7,13.96,0.3,8131,福懋科,37.5
3,377,"753,150","28,092,714",37.25,20191226,37.1,37.6,13.85,0.15,8131,福懋科,37.4
4,463,"775,151","29,061,917",37.4,20191225,37.3,37.85,13.9,0.2,8131,福懋科,37.6
5,917,"1,686,473","63,988,110",37.6,20191224,37.6,38.4,13.98,0.4,8131,福懋科,38.2
6,974,"1,675,625","63,057,312",38.0,20191223,37.1,38.0,14.13,0.95,8131,福懋科,37.1
7,462,"774,640","28,659,180",37.05,20191220,36.8,37.25,13.77,0.05,8131,福懋科,37.1
8,983,"2,453,137","90,761,312",37.0,20191219,36.85,37.15,13.75,0.1,8131,福懋科,37.0
9,795,"1,524,901","56,219,406",36.9,20191218,36.5,37.1,13.72,0.1,8131,福懋科,36.8
10,"2,043","3,752,110","138,172,820",36.8,20191217,36.35,37.3,13.68,0.85,8131,福懋科,36.4
11,"1,245","73,220,571","2,610,250,024",35.95,20191216,35.2,36.1,13.36,1.2,8131,福懋科,35.2
12,265,"374,035","13,012,011",34.75,20191213,34.7,34.95,12.92,0.0,8131,福懋科,34.85
13,183,"282,156","9,823,060",34.75,20191212,34.75,34.9,12.92,0.05,8131,福懋科,34.9
14,319,"655,244","22,802,202",34.7,20191211,34.6,35.0,12.9,0.25,8131,福懋科,34.6
15,79,"175,206","6,053,977",34.45,20191210,34.35,34.5,12.81,0.1,8131,福懋科,34.35
16,70,"114,050","3,918,185",34.35,20191209,34.3,34.4,12.77,0.15,8131,福懋科,34.3
17,126,"233,050","7,999,940",34.2,20191206,34.15,34.45,12.71,0.15,8131,福懋科,34.35
18,98,"118,300","4,057,973",34.35,20191205,34.15,34.4,12.77,0.15,8131,福懋科,34.2
19,73,"158,000","5,380,950",34.2,20191204,33.95,34.2,12.71,0.0,8131,福懋科,34.2
20,165,"250,214","8,527,550",34.2,20191203,33.85,34.3,12.71,0.0,8131,福懋科,34.3
21,159,"330,026","11,258,960",34.2,20191202,33.95,34.4,12.71,0.2,8131,福懋科,34.4
22,101,"171,000","5,889,050",34.4,20191129,34.4,34.7,12.79,0.1,8131,福懋科,34.5
23,118,"231,066","7,992,895",34.5,20191128,34.5,34.8,12.83,0.25,8131,福懋科,34.8
24,141,"278,040","9,678,450",34.75,20191127,34.6,34.8,12.92,0.2,8131,福懋科,34.8
25,223,"317,350","10,976,890",34.55,20191126,34.4,34.75,12.84,0.15,8131,福懋科,34.45
26,137,"248,071","8,535,542",34.4,20191125,34.3,34.5,12.79,0.15,8131,福懋科,34.3
27,78,"193,750","6,661,332",34.25,20191122,34.1,34.4,12.73,0.05,8131,福懋科,34.4
28,100,"140,114","4,797,797",34.2,20191121,34.15,34.35,12.71,0.3,8131,福懋科,34.25
29,182,"279,118","9,570,655",34.5,20191120,33.95,34.55,12.83,0.35,8131,福懋科,34.15
30,140,"278,556","9,574,354",34.15,20191119,34.15,34.4,12.7,0.05,8131,福懋科,34.35
31,215,"422,056","14,457,975",34.1,20191118,34.1,34.55,12.68,0.2,8131,福懋科,34.35
32,197,"316,365","10,854,367",34.3,20191115,34.2,34.4,12.75,0.05,8131,福懋科,34.25
33,585,"989,376","33,998,063",34.25,20191114,34.1,34.95,12.73,1.1,8131,福懋科,34.95
34,469,"826,193","28,982,472",35.35,20191113,34.55,35.35,13.14,0.7,8131,福懋科,34.6
35,128,"287,500","9,964,273",34.65,20191112,34.6,34.7,11.83,0.05,8131,福懋科,34.7
36,285,"514,200","17,836,289",34.6,20191111,34.55,35.0,11.81,0.2,8131,福懋科,34.8
37,313,"555,200","19,275,619",34.8,20191108,34.45,34.85,11.88,0.35,8131,福懋科,34.6
38,305,"547,050","18,780,677",34.45,20191107,34.05,34.5,11.76,0.45,8131,福懋科,34.05
39,190,"297,152","10,119,232",34.0,20191106,33.9,34.3,11.6,0.0,8131,福懋科,34.1
40,174,"297,300","10,109,990",34.0,20191105,33.9,34.1,11.6,0.0,8131,福懋科,34.05
41,130,"295,355","10,030,407",34.0,20191104,33.75,34.1,11.6,0.15,8131,福懋科,33.85
42,78,"105,250","3,557,761",33.85,20191101,33.7,33.9,11.55,0.05,8131,福懋科,33.9
43,87,"122,578","4,143,892",33.9,20191031,33.7,34.05,11.57,0.0,8131,福懋科,34.05
44,138,"339,050","11,469,910",33.9,20191030,33.75,34.1,11.57,0.05,8131,福懋科,34.05
45,104,"248,165","8,465,767",33.95,20191029,33.95,34.3,11.59,0.25,8131,福懋科,34.3
46,91,"169,100","5,768,650",34.2,20191028,34.05,34.2,11.67,0.1,8131,福懋科,34.2
47,106,"155,200","5,291,929",34.1,20191025,34.0,34.2,11.64,0.0,8131,福懋科,34.1
48,173,"251,043","8,524,003",34.1,20191024,33.8,34.1,11.64,0.35,8131,福懋科,33.9
49,134,"223,600","7,566,649",33.75,20191023,33.75,33.9,11.52,0.1,8131,福懋科,33.85
50,172,"371,243","12,538,137",33.85,20191022,33.6,33.95,11.55,0.2,8131,福懋科,33.65
51,123,"183,272","6,157,602",33.65,20191021,33.45,33.7,11.48,0.05,8131,福懋科,33.6
52,128,"200,075","6,717,915",33.6,20191018,33.4,33.8,11.47,0.1,8131,福懋科,33.7
53,65,"101,637","3,426,865",33.7,20191017,33.65,33.8,11.5,0.1,8131,福懋科,33.75
54,413,"1,239,000","41,078,850",33.8,20191016,33.0,33.9,11.54,0.8,8131,福懋科,33.2
55,212,"431,272","14,277,752",33.0,20191015,32.95,33.35,11.26,0.15,8131,福懋科,33.15
56,330,"577,504","19,107,255",33.15,20191014,33.0,33.3,11.31,0.1,8131,福懋科,33.3
57,338,"549,500","18,278,423",33.05,20191009,33.0,33.6,11.28,0.55,8131,福懋科,33.6
58,130,"263,099","8,857,735",33.6,20191008,33.55,33.9,11.47,0.0,8131,福懋科,33.6
59,101,"251,198","8,461,091",33.6,20191007,33.55,33.85,11.47,0.2,8131,福懋科,33.8
60,111,"185,072","6,249,613",33.8,20191004,33.7,33.95,11.54,0.15,8131,福懋科,33.95
61,56,"137,500","4,661,724",33.95,20191003,33.6,33.95,11.59,0.25,8131,福懋科,33.8
62,170,"421,500","14,241,797",33.7,20191002,33.7,34.0,11.5,0.15,8131,福懋科,33.85
63,113,"258,640","8,747,627",33.85,20191001,33.65,33.95,11.55,0.2,8131,福懋科,33.65
64,254,"441,727","14,905,868",34.05,20190927,33.5,34.1,11.62,0.05,8131,福懋科,34.1
65,151,"214,855","7,328,503",34.1,20190926,34.0,34.25,11.64,0.3,8131,福懋科,34.2
66,259,"439,982","15,087,030",34.4,20190925,33.95,34.5,11.74,0.05,8131,福懋科,34.45
67,138,"221,848","7,646,365",34.45,20190924,34.35,34.55,11.76,0.15,8131,福懋科,34.4
68,140,"296,332","10,268,083",34.6,20190923,34.55,34.75,11.81,0.0,8131,福懋科,34.65
69,101,"182,826","6,333,428",34.6,20190920,34.5,34.65,11.81,0.05,8131,福懋科,34.55
70,134,"234,368","8,110,148",34.65,20190919,34.4,34.8,11.83,0.1,8131,福懋科,34.8
71,330,"412,758","14,320,537",34.75,20190918,34.6,34.8,11.86,0.05,8131,福懋科,34.75
72,225,"336,300","11,619,830",34.7,20190917,34.4,34.7,11.84,0.2,8131,福懋科,34.5
73,166,"255,030","8,797,294",34.5,20190916,34.35,34.6,11.77,0.1,8131,福懋科,34.6
74,247,"454,750","15,714,786",34.6,20190912,34.3,34.75,11.81,0.3,8131,福懋科,34.3
75,222,"288,641","9,862,806",34.3,20190911,34.0,34.35,11.71,0.05,8131,福懋科,34.35
76,178,"362,099","12,386,849",34.25,20190910,34.0,34.45,11.69,0.15,8131,福懋科,34.4
77,332,"514,905","17,653,134",34.4,20190909,34.1,34.5,11.74,0.45,8131,福懋科,34.1
78,166,"237,547","8,052,940",33.95,20190906,33.5,34.05,11.59,0.05,8131,福懋科,34.0
79,232,"366,980","12,408,669",33.9,20190905,33.7,33.9,11.57,0.2,8131,福懋科,33.8
80,255,"335,047","11,254,776",33.7,20190904,33.35,33.8,11.5,0.35,8131,福懋科,33.35
81,174,"275,889","9,204,495",33.35,20190903,33.15,33.65,11.38,0.05,8131,福懋科,33.35
82,82,"97,100","3,231,399",33.3,20190902,33.2,33.35,11.37,0.05,8131,福懋科,33.35
83,207,"435,240","14,470,514",33.35,20190830,33.1,33.35,11.38,0.35,8131,福懋科,33.2
84,175,"235,100","7,763,910",33.0,20190829,32.9,33.25,11.26,0.1,8131,福懋科,33.0
85,180,"251,550","8,296,900",32.9,20190828,32.9,33.15,11.23,0.25,8131,福懋科,33.1
86,204,"298,000","9,899,000",33.15,20190827,33.0,33.35,11.31,0.0,8131,福懋科,33.3
87,358,"638,000","21,123,400",33.15,20190826,32.9,33.35,11.31,0.35,8131,福懋科,33.0
88,110,"170,500","5,603,499",32.8,20190823,32.8,33.0,11.19,0.1,8131,福懋科,33.0
89,97,"129,500","4,272,648",32.9,20190822,32.9,33.15,11.23,0.25,8131,福懋科,33.1
90,151,"183,799","6,065,434",33.15,20190821,32.9,33.15,11.31,0.15,8131,福懋科,33.15
91,99,"132,912","4,389,688",33.0,20190820,32.85,33.3,11.26,0.0,8131,福懋科,33.2
92,88,"124,500","4,105,600",33.0,20190819,32.85,33.1,11.26,0.1,8131,福懋科,33.0
93,112,"154,340","5,067,620",32.9,20190816,32.7,33.0,11.23,0.25,8131,福懋科,33.0
94,200,"404,000","13,180,450",33.15,20190815,32.5,33.15,11.31,0.05,8131,福懋科,32.75
95,193,"316,100","10,419,620",33.1,20190814,32.75,33.2,11.3,0.1,8131,福懋科,33.15
96,86,"142,350","4,701,166",33.0,20190813,32.9,33.3,11.26,0.35,8131,福懋科,33.3
97,90,"199,000","6,618,550",33.35,20190812,33.0,33.4,10.59,0.15,8131,福懋科,33.2
