,成交筆數,成交股數,成交金額,收盤價,日期,最低價,最高價,本益比,漲跌價差,證券代號,證券名稱,開盤價
0,0,0,0,--,20191119,--,--,0.00,0.00,912398,友佳-DR,--
1,1,"4,000","14,000",3.50,20191118,3.50,3.50,0.0,0.0,912398,友佳-DR,3.50
2,3,"3,000","10,500",3.50,20191115,3.50,3.50,0.0,0.04,912398,友佳-DR,3.50
3,5,"21,000","74,340",3.54,20191114,3.54,3.54,0.0,0.04,912398,友佳-DR,3.54
4,3,"12,000","41,440",3.50,20191113,3.42,3.50,0.0,0.04,912398,友佳-DR,3.42
5,11,"52,000","178,360",3.46,20191112,3.41,3.55,0.0,0.09,912398,友佳-DR,3.55
6,3,"9,000","32,220",3.55,20191111,3.54,3.65,0.0,0.13,912398,友佳-DR,3.54
7,10,"55,000","187,940",3.42,20191108,3.41,3.42,0.0,0.0,912398,友佳-DR,3.41
8,8,"48,000","165,040",3.42,20191107,3.42,3.48,0.0,0.03,912398,友佳-DR,3.48
9,14,"51,000","175,490",3.45,20191106,3.43,3.46,0.0,0.01,912398,友佳-DR,3.45
10,5,"11,000","37,900",3.44,20191105,3.44,3.47,0.0,0.03,912398,友佳-DR,3.47
11,7,"22,000","76,520",3.47,20191104,3.42,3.59,0.0,0.0,912398,友佳-DR,3.42
12,11,"83,000","288,010",3.47,20191101,3.46,3.55,0.0,0.09,912398,友佳-DR,3.55
13,1,"1,000","3,560",3.56,20191031,3.56,3.56,0.0,0.11,912398,友佳-DR,3.56
14,5,"24,000","83,020",3.45,20191030,3.45,3.53,0.0,0.02,912398,友佳-DR,3.53
15,6,"61,000","211,750",3.47,20191029,3.47,3.51,0.0,0.03,912398,友佳-DR,3.47
16,1,"2,000","7,000",3.50,20191028,3.50,3.50,0.0,0.0,912398,友佳-DR,3.50
17,0,0,0,--,20191025,--,--,0.0,0.0,912398,友佳-DR,--
18,9,"52,000","182,960",3.50,20191024,3.50,3.53,0.0,0.0,912398,友佳-DR,3.53
19,7,"17,000","59,500",3.50,20191023,3.50,3.50,0.0,0.0,912398,友佳-DR,3.50
20,1,"2,000","7,000",3.50,20191022,3.50,3.50,0.0,0.02,912398,友佳-DR,3.50
21,6,"43,000","147,970",3.48,20191021,3.43,3.49,0.0,0.0,912398,友佳-DR,3.45
22,9,"36,000","124,260",3.48,20191018,3.45,3.48,0.0,0.03,912398,友佳-DR,3.45
23,5,"9,000","31,090",3.45,20191017,3.45,3.47,0.0,0.02,912398,友佳-DR,3.45
24,12,"32,000","110,710",3.47,20191016,3.45,3.47,0.0,0.06,912398,友佳-DR,3.45
25,7,"15,666","55,281",3.53,20191015,3.53,3.53,0.0,0.02,912398,友佳-DR,3.53
26,7,"25,000","87,160",3.55,20191014,3.45,3.55,0.0,0.11,912398,友佳-DR,3.45
27,10,"30,108","103,624",3.44,20191009,3.44,3.45,0.0,0.01,912398,友佳-DR,3.45
28,6,"22,000","75,810",3.45,20191008,3.42,3.45,0.0,0.03,912398,友佳-DR,3.42
29,10,"34,000","117,990",3.42,20191007,3.40,3.49,0.0,0.07,912398,友佳-DR,3.49
30,3,"9,000","31,410",3.49,20191004,3.49,3.49,0.0,0.0,912398,友佳-DR,3.49
31,10,"56,000","195,490",3.49,20191003,3.49,3.50,0.0,0.03,912398,友佳-DR,3.49
32,6,"30,000","105,280",3.52,20191002,3.50,3.52,0.0,0.0,912398,友佳-DR,3.52
33,0,0,0,--,20191001,--,--,0.0,0.0,912398,友佳-DR,--
34,0,0,0,--,20190927,--,--,0.0,0.0,912398,友佳-DR,--
35,10,"25,000","87,830",3.52,20190926,3.51,3.52,0.0,0.02,912398,友佳-DR,3.51
36,3,"8,000","28,420",3.54,20190925,3.54,3.59,0.0,0.06,912398,友佳-DR,3.54
37,2,"14,000","50,450",3.60,20190924,3.60,3.61,0.0,0.01,912398,友佳-DR,3.61
38,2,"10,000","36,010",3.61,20190923,3.60,3.61,0.0,0.0,912398,友佳-DR,3.60
39,10,"39,000","141,250",3.61,20190920,3.61,3.65,0.0,0.0,912398,友佳-DR,3.65
40,5,"21,000","75,850",3.61,20190919,3.61,3.62,0.0,0.04,912398,友佳-DR,3.62
41,8,"28,000","102,350",3.65,20190918,3.65,3.67,0.0,0.03,912398,友佳-DR,3.65
42,9,"49,003","178,620",3.62,20190917,3.62,3.68,0.0,0.03,912398,友佳-DR,3.68
43,26,"89,622","328,508",3.65,20190916,3.65,3.70,0.0,0.05,912398,友佳-DR,3.70
44,20,"66,000","244,470",3.70,20190912,3.70,3.72,0.0,0.0,912398,友佳-DR,3.72
45,1,3,10,--,20190911,--,--,0.0,0.0,912398,友佳-DR,--
46,3,"5,000","19,000",3.80,20190910,3.80,3.80,0.0,0.05,912398,友佳-DR,3.80
47,6,"41,000","153,950",3.75,20190909,3.75,3.76,0.0,0.05,912398,友佳-DR,3.76
48,4,"12,000","44,500",3.70,20190906,3.70,3.72,0.0,0.01,912398,友佳-DR,3.70
49,13,"73,000","270,500",3.69,20190905,3.69,3.72,0.0,0.0,912398,友佳-DR,3.71
50,0,0,0,--,20190904,--,--,0.0,0.0,912398,友佳-DR,--
51,6,"15,165","57,097",3.77,20190903,3.76,3.77,0.0,0.0,912398,友佳-DR,3.76
52,0,0,0,--,20190902,--,--,0.0,0.0,912398,友佳-DR,--
53,4,"4,990","19,161",3.85,20190830,3.85,3.85,0.0,0.07,912398,友佳-DR,3.85
54,10,"21,000","79,210",3.78,20190829,3.68,3.90,0.0,0.0,912398,友佳-DR,3.89
55,0,0,0,--,20190828,--,--,0.0,0.0,912398,友佳-DR,--
56,16,"82,000","304,880",3.72,20190827,3.70,3.76,0.0,0.0,912398,友佳-DR,3.70
57,0,0,0,--,20190826,--,--,0.0,0.0,912398,友佳-DR,--
58,3,"1,099","4,305",3.92,20190823,3.92,3.92,0.0,0.07,912398,友佳-DR,3.92
59,13,"34,000","131,610",3.85,20190822,3.85,3.94,0.0,0.08,912398,友佳-DR,3.94
60,2,"4,000","15,570",3.93,20190821,3.88,3.93,0.0,0.06,912398,友佳-DR,3.88
61,16,"39,000","152,960",3.87,20190820,3.85,3.93,0.0,0.01,912398,友佳-DR,3.89
62,5,"11,000","41,800",3.88,20190819,3.69,3.88,0.0,0.15,912398,友佳-DR,3.69
63,12,"26,000","101,230",3.73,20190816,3.73,4.07,0.0,0.03,912398,友佳-DR,3.88
64,2,"5,000","18,500",3.7,20190815,3.7,3.7,0.0,0.04,912398,友佳-DR,3.7
65,14,"155,000","569,340",3.66,20190814,3.66,3.75,0.0,0.0,912398,友佳-DR,3.75
66,16,"41,000","151,080",3.66,20190813,3.66,3.8,0.0,0.02,912398,友佳-DR,3.8
67,6,"31,000","114,410",3.68,20190812,3.68,3.7,0.0,0.18,912398,友佳-DR,3.7
