,成交筆數,成交股數,成交金額,收盤價,日期,最低價,最高價,本益比,漲跌價差,證券代號,證券名稱,開盤價
0,43,"51,244","2,301,330",45.00,20191231,44.35,45.50,18.91,0.40,9937,全國,44.35
1,12,"7,066","315,685",44.60,20191230,44.60,44.85,18.74,0.3,9937,全國,44.70
2,11,"19,000","852,800",44.90,20191227,44.85,44.95,18.87,0.45,9937,全國,44.85
3,18,"17,188","762,959",44.45,20191226,44.20,44.70,18.68,0.4,9937,全國,44.30
4,37,"44,131","1,992,048",44.85,20191225,44.80,45.70,18.84,0.85,9937,全國,45.70
5,181,"264,854","11,920,035",45.70,20191224,43.05,45.90,19.2,2.3,9937,全國,43.45
6,9,"5,206","225,127",43.40,20191223,43.10,43.40,18.24,0.15,9937,全國,43.30
7,18,"17,100","745,250",43.55,20191220,43.50,43.65,18.3,0.05,9937,全國,43.50
8,30,"32,347","1,399,538",43.50,20191219,43.00,43.70,18.28,0.0,9937,全國,43.70
9,40,"40,436","1,738,735",43.50,20191218,42.75,43.50,18.28,0.6,9937,全國,42.80
10,5,"2,004","85,969",42.90,20191217,42.90,42.90,18.03,0.0,9937,全國,42.90
11,32,"30,050","1,288,045",42.90,20191216,42.55,42.90,18.03,0.05,9937,全國,42.90
12,11,"10,436","445,223",42.85,20191213,42.50,42.85,18.0,0.1,9937,全國,42.50
13,18,"25,016","1,068,729",42.75,20191212,42.60,42.75,17.96,0.0,9937,全國,42.60
14,17,"17,309","738,862",42.75,20191211,42.40,42.75,17.96,0.05,9937,全國,42.70
15,9,"6,030","256,478",42.70,20191210,42.50,42.70,17.94,0.2,9937,全國,42.50
16,5,"3,088","130,967",42.50,20191209,42.50,42.50,17.86,0.25,9937,全國,42.50
17,22,"30,400","1,292,690",42.75,20191206,42.15,42.80,17.96,0.05,9937,全國,42.25
18,12,"13,002","554,834",42.70,20191205,42.35,42.70,17.94,0.35,9937,全國,42.35
19,9,"10,369","437,934",42.35,20191204,41.95,42.35,17.79,0.0,9937,全國,41.95
20,4,"3,001","126,992",42.35,20191203,42.25,42.35,17.79,0.1,9937,全國,42.25
21,9,"4,393","185,015",42.25,20191202,41.90,42.50,17.75,0.7,9937,全國,42.50
22,56,"68,000","2,864,800",41.55,20191129,41.55,42.55,17.46,0.95,9937,全國,42.50
23,25,"25,100","1,069,519",42.50,20191128,42.50,42.80,17.86,0.3,9937,全國,42.80
24,12,"16,000","685,150",42.80,20191127,42.75,43.20,17.98,0.0,9937,全國,42.80
25,10,"7,121","305,553",42.80,20191126,42.80,43.40,17.98,0.15,9937,全國,43.40
26,6,"1,006,000","40,257,350",42.95,20191125,42.80,42.95,18.05,0.15,9937,全國,42.80
27,13,"1,121,010","44,905,329",42.80,20191122,42.80,43.20,17.98,0.4,9937,全國,43.20
28,7,"4,700","202,219",43.20,20191121,42.70,43.20,18.15,0.25,9937,全國,42.80
29,33,"29,352","1,269,756",43.45,20191120,43.00,43.50,18.26,0.95,9937,全國,43.50
30,5,"4,100","175,150",42.50,20191119,42.50,42.80,17.86,0.3,9937,全國,42.80
31,9,"6,003","256,626",42.80,20191118,42.65,42.80,17.98,0.15,9937,全國,42.65
32,16,"28,050","1,189,832",42.65,20191115,42.20,42.65,17.92,0.0,9937,全國,42.45
33,0,0,0,--,20191114,--,--,17.94,0.0,9937,全國,--
34,27,"28,030","1,202,084",42.95,20191113,42.80,42.95,18.05,0.25,9937,全國,42.80
35,12,"16,000","680,750",42.70,20191112,42.40,42.90,17.87,0.0,9937,全國,42.90
36,1,280,"11,676",--,20191111,--,--,17.87,0.0,9937,全國,--
37,4,"2,200","93,779",42.7,20191108,42.55,42.7,17.87,0.25,9937,全國,42.55
38,32,"40,027","1,707,349",42.95,20191107,42.4,43.0,17.97,0.3,9937,全國,43.0
39,4,"1,537","65,418",42.65,20191106,42.65,42.65,17.85,0.3,9937,全國,42.65
40,10,"12,028","516,392",42.95,20191105,42.65,43.0,17.97,0.05,9937,全國,43.0
41,22,"24,195","1,039,426",43.0,20191104,42.7,43.1,17.99,0.3,9937,全國,42.75
42,7,"5,140","218,084",42.7,20191101,42.35,42.7,17.87,0.15,9937,全國,42.35
43,14,"18,218","772,959",42.55,20191031,42.3,42.55,17.8,0.0,9937,全國,42.45
44,16,"20,128","856,176",42.55,20191030,42.45,43.5,17.8,0.05,9937,全國,43.5
45,11,"12,657","539,290",42.6,20191029,42.5,42.9,17.82,0.3,9937,全國,42.9
46,22,"30,000","1,280,250",42.9,20191028,42.0,42.9,17.95,0.1,9937,全國,42.0
47,16,"21,027","906,256",43.0,20191025,42.9,43.5,17.99,0.0,9937,全國,43.0
48,15,"24,001","1,032,142",43.0,20191024,42.95,43.1,17.99,0.1,9937,全國,43.1
49,20,"18,377","790,097",42.9,20191023,42.85,43.1,17.95,0.05,9937,全國,43.05
50,22,"35,184","1,508,202",42.95,20191022,42.8,42.95,17.97,0.25,9937,全國,42.8
51,14,"12,406","526,035",42.7,20191021,42.25,42.7,17.87,0.55,9937,全國,42.25
52,26,"30,300","1,291,779",42.15,20191018,42.15,43.0,17.64,0.85,9937,全國,42.9
53,20,"19,802","851,235",43.0,20191017,42.8,43.2,17.99,0.0,9937,全國,43.2
54,116,"155,836","6,655,338",43.0,20191016,41.95,43.0,17.99,1.05,9937,全國,41.95
55,20,"18,261","763,082",41.95,20191015,41.65,41.95,17.55,0.0,9937,全國,41.65
56,51,"7,538,113","301,624,884",41.95,20191014,41.15,43.1,17.55,0.95,9937,全國,41.15
57,6,"9,010","369,411",41.0,20191009,41.0,41.0,17.15,0.05,9937,全國,41.0
58,9,"11,291","462,631",40.95,20191008,40.95,41.2,17.13,0.25,9937,全國,41.2
59,139,"403,098","16,526,718",41.2,20191007,40.95,41.2,17.24,0.2,9937,全國,41.0
60,166,"353,150","14,479,000",41.0,20191004,40.95,41.15,17.15,0.0,9937,全國,41.1
61,19,"38,436","1,577,638",41.0,20191003,41.0,41.5,17.15,0.0,9937,全國,41.5
62,79,"212,595","8,716,395",41.0,20191002,41.0,41.0,17.15,0.0,9937,全國,41.0
63,110,"211,891","8,679,589",41.0,20191001,40.9,41.3,17.15,0.05,9937,全國,41.3
64,123,"247,200","10,121,228",40.95,20190927,40.85,41.05,17.13,0.05,9937,全國,40.95
65,26,"29,012","1,187,894",40.9,20190926,40.9,41.0,17.11,0.1,9937,全國,41.0
66,18,"18,355","756,493",41.0,20190925,41.0,41.8,17.15,0.3,9937,全國,41.8
67,13,"14,001","576,491",41.3,20190924,41.0,41.35,17.28,0.0,9937,全國,41.1
68,23,"43,678","1,791,600",41.3,20190923,41.0,41.3,17.28,0.4,9937,全國,41.3
69,18,"24,013","982,781",40.9,20190920,40.9,41.1,17.11,0.1,9937,全國,41.0
70,16,"24,080","987,311",41.0,20190919,41.0,41.0,17.15,0.4,9937,全國,41.0
71,81,"90,001","3,692,991",41.4,20190918,40.9,41.4,17.32,0.5,9937,全國,40.9
72,65,"132,049","5,406,444",40.9,20190917,40.85,41.0,17.11,0.1,9937,全國,40.9
73,73,"111,079","4,542,608",41.0,20190916,40.8,41.1,17.15,0.3,9937,全國,40.85
74,25,"23,100","941,369",40.7,20190912,40.65,41.3,17.03,0.15,9937,全國,41.3
75,7,"9,294","377,136",40.55,20190911,40.55,40.7,16.97,0.15,9937,全國,40.7
76,7,"5,024","204,228",40.7,20190910,40.6,40.7,17.03,0.1,9937,全國,40.6
77,21,"27,003","1,093,770",40.6,20190909,40.4,40.6,16.99,0.0,9937,全國,40.4
78,9,"8,844","360,527",40.6,20190906,40.6,40.9,16.99,0.2,9937,全國,40.9
79,5,"5,001","203,440",40.8,20190905,40.6,40.8,17.07,0.0,9937,全國,40.6
80,19,"22,034","894,986",40.8,20190904,40.5,40.8,17.07,0.2,9937,全國,40.6
81,8,"5,131","208,917",40.6,20190903,40.6,41.1,16.99,0.55,9937,全國,41.1
82,18,"11,030","448,069",41.15,20190902,40.4,41.15,17.22,0.5,9937,全國,40.65
83,6,"3,244","131,967",40.65,20190830,40.65,40.7,17.01,0.35,9937,全國,40.7
84,8,"5,873","239,630",41.0,20190829,40.55,41.0,17.15,0.45,9937,全國,40.55
85,11,"12,002","485,230",40.55,20190828,40.4,40.55,16.97,0.0,9937,全國,40.4
86,7,"6,001","243,640",40.55,20190827,40.55,40.65,16.97,0.1,9937,全國,40.65
87,11,"10,095","410,199",40.65,20190826,40.5,40.9,17.01,0.45,9937,全國,40.5
88,8,"8,170","334,753",41.1,20190823,40.65,41.1,17.2,0.1,9937,全國,40.95
89,15,"11,011","449,051",41.0,20190822,40.45,41.0,17.15,0.3,9937,全國,40.7
90,50,"52,291","2,125,497",40.7,20190821,40.1,41.5,17.03,0.7,9937,全國,40.1
91,13,"16,000","640,500",40.0,20190820,40.0,40.1,16.74,0.0,9937,全國,40.0
92,52,"55,744","2,231,494",40.0,20190819,40.0,40.1,16.74,0.1,9937,全國,40.1
93,32,"50,113","2,012,008",40.1,20190816,40.1,40.2,16.78,0.0,9937,全國,40.2
94,69,"124,153","4,995,595",40.1,20190815,40.0,41.1,16.78,0.4,9937,全國,40.5
95,32,"40,002","1,631,381",40.5,20190814,40.5,40.95,16.95,0.45,9937,全國,40.95
96,11,"10,195","418,724",40.95,20190813,40.95,41.4,17.13,0.3,9937,全國,41.4
97,40,"39,088","1,609,029",41.25,20190812,40.7,41.45,16.84,0.05,9937,全國,40.7
