,成交筆數,成交股數,成交金額,收盤價,日期,最低價,最高價,本益比,漲跌價差,證券代號,證券名稱,開盤價
0,595,"871,442","183,413,646",213.00,20191231,208.00,213.00,22.49,0.50,9921,巨大,213.00
1,346,"506,444","108,455,294",213.5,20191230,211.5,215.5,22.54,1.0,9921,巨大,215.0
2,247,"286,878","61,327,830",214.5,20191227,211.5,214.5,22.65,3.0,9921,巨大,214.0
3,91,"99,784","21,103,924",211.5,20191226,210.5,212.0,22.33,0.5,9921,巨大,212.0
4,79,"71,785","15,177,135",212.0,20191225,211.0,212.0,22.39,0.0,9921,巨大,212.0
5,333,"428,917","91,234,238",212.0,20191224,210.0,214.0,22.39,0.0,9921,巨大,212.0
6,370,"419,142","88,764,604",212.0,20191223,211.0,213.5,22.39,1.0,9921,巨大,213.5
7,550,"919,674","194,869,566",213.0,20191220,210.0,213.0,22.49,4.0,9921,巨大,212.5
8,386,"477,619","99,619,490",209.0,20191219,207.5,210.0,22.07,0.5,9921,巨大,209.0
9,691,"811,348","168,653,580",208.5,20191218,205.5,209.0,22.02,1.0,9921,巨大,206.0
10,541,"664,805","137,206,034",207.5,20191217,204.5,207.5,21.91,3.5,9921,巨大,206.0
11,440,"484,102","98,262,357",204.0,20191216,200.5,204.0,21.54,1.5,9921,巨大,202.5
12,603,"720,690","146,042,724",202.5,20191213,202.0,203.5,21.38,0.0,9921,巨大,202.5
13,653,"725,585","147,059,255",202.5,20191212,201.5,204.0,21.38,0.0,9921,巨大,204.0
14,763,"983,034","197,427,902",202.5,20191211,199.0,202.5,21.38,1.5,9921,巨大,200.5
15,481,"594,061","120,337,822",201.0,20191210,201.0,205.0,21.22,1.0,9921,巨大,203.5
16,"1,171","1,417,451","286,069,553",202.0,20191209,200.0,204.5,21.33,4.0,9921,巨大,204.0
17,"1,061","1,269,045","263,001,060",206.0,20191206,206.0,209.5,21.75,4.5,9921,巨大,209.0
18,741,"778,091","165,853,292",210.5,20191205,210.5,218.0,22.23,7.0,9921,巨大,217.5
19,309,"393,444","85,408,904",217.5,20191204,215.5,219.0,22.97,1.0,9921,巨大,217.5
20,290,"315,019","68,983,629",218.5,20191203,218.0,221.5,23.07,2.0,9921,巨大,220.0
21,231,"265,831","58,681,903",220.5,20191202,220.0,222.5,23.28,0.5,9921,巨大,221.0
22,330,"545,822","121,612,400",221.0,20191129,220.5,228.0,23.34,7.0,9921,巨大,228.0
23,417,"456,063","103,528,301",228.0,20191128,224.0,228.0,24.08,3.5,9921,巨大,224.5
24,329,"343,482","77,327,706",224.5,20191127,223.5,228.0,23.71,1.5,9921,巨大,228.0
25,543,"1,283,941","289,845,250",226.0,20191126,223.0,227.0,23.86,1.5,9921,巨大,224.5
26,309,"331,604","74,140,993",224.5,20191125,221.5,225.0,23.71,1.5,9921,巨大,225.0
27,453,"553,107","122,273,147",223.0,20191122,218.0,223.0,23.55,2.0,9921,巨大,221.0
28,470,"547,701","119,763,720",221.0,20191121,216.5,221.0,23.34,3.0,9921,巨大,217.5
29,175,"178,816","38,914,478",218.0,20191120,216.5,219.5,23.02,0.5,9921,巨大,219.5
30,404,"443,475","96,722,575",218.5,20191119,217.0,220.0,23.07,1.0,9921,巨大,217.5
31,358,"420,448","91,358,216",217.5,20191118,216.0,218.5,22.97,0.0,9921,巨大,216.5
32,418,"506,057","110,312,426",217.5,20191115,217.0,220.0,22.97,2.0,9921,巨大,220.0
33,485,"545,565","119,168,235",219.5,20191114,217.0,221.0,23.18,0.5,9921,巨大,221.0
34,461,"544,400","119,309,500",220.0,20191113,218.0,221.0,23.23,3.5,9921,巨大,220.0
35,461,"506,509","112,590,498",223.5,20191112,221.0,223.5,23.88,3.5,9921,巨大,223.5
36,397,"465,549","102,633,955",220.0,20191111,218.0,224.0,23.5,1.5,9921,巨大,221.0
37,397,"463,354","102,438,880",221.5,20191108,219.0,224.5,23.66,2.5,9921,巨大,224.0
38,395,"550,029","123,107,674",224.0,20191107,222.0,225.5,23.93,0.0,9921,巨大,222.0
39,372,"441,206","98,475,644",224.0,20191106,222.0,225.0,23.93,2.0,9921,巨大,224.0
40,495,"618,571","139,041,046",226.0,20191105,223.5,226.5,24.15,2.0,9921,巨大,226.5
41,246,"272,456","61,762,512",228.0,20191104,224.5,228.0,24.36,1.5,9921,巨大,226.5
42,476,"500,583","113,551,258",226.5,20191101,225.5,228.0,24.2,0.5,9921,巨大,228.0
43,796,"1,100,137","247,816,688",226.0,20191031,223.0,228.5,24.15,2.5,9921,巨大,228.5
44,718,"837,528","190,246,384",228.5,20191030,222.0,229.0,24.41,5.5,9921,巨大,225.5
45,626,"780,247","173,215,081",223.0,20191029,220.0,223.0,23.82,4.0,9921,巨大,221.0
46,321,"402,446","88,435,674",219.0,20191028,219.0,222.0,23.4,1.5,9921,巨大,220.5
47,408,"500,868","110,005,196",220.5,20191025,218.5,222.0,23.56,1.5,9921,巨大,222.0
48,255,"321,128","70,773,160",222.0,20191024,218.0,222.0,23.72,3.0,9921,巨大,219.0
49,492,"528,960","115,699,258",219.0,20191023,218.0,220.0,23.4,1.0,9921,巨大,220.0
50,402,"507,164","112,048,080",220.0,20191022,219.0,224.0,23.5,1.0,9921,巨大,223.0
51,302,"384,885","84,898,585",221.0,20191021,218.0,221.5,23.61,2.5,9921,巨大,218.0
52,473,"957,983","210,198,288",218.5,20191018,217.0,221.5,23.34,0.0,9921,巨大,220.0
53,683,"911,186","198,193,009",218.5,20191017,213.5,219.0,23.34,4.0,9921,巨大,214.5
54,458,"509,102","108,876,226",214.5,20191016,212.0,215.5,22.92,1.5,9921,巨大,213.5
55,716,"874,604","187,809,756",213.0,20191015,211.5,218.5,22.76,1.0,9921,巨大,214.5
56,560,"652,289","140,068,346",212.0,20191014,212.0,218.5,22.65,2.5,9921,巨大,218.5
57,537,"919,724","198,843,972",214.5,20191009,214.5,218.0,22.92,2.5,9921,巨大,218.0
58,"1,302","1,638,970","356,443,490",217.0,20191008,214.5,220.5,23.18,5.5,9921,巨大,215.5
59,337,"430,203","90,387,637",211.5,20191007,208.0,212.0,22.6,2.0,9921,巨大,209.0
60,388,"469,110","98,253,265",209.5,20191004,208.0,212.0,22.38,1.0,9921,巨大,210.5
61,"1,027","1,340,342","280,647,820",210.5,20191003,205.5,211.5,22.49,3.0,9921,巨大,209.0
62,"1,245","1,458,970","308,462,587",213.5,20191002,207.0,214.0,22.81,8.5,9921,巨大,207.0
63,"1,798","2,157,552","438,066,212",205.0,20191001,199.0,213.0,21.9,6.0,9921,巨大,213.0
64,538,"578,142","123,176,962",211.0,20190927,211.0,217.0,22.54,5.0,9921,巨大,215.5
65,874,"1,076,823","232,427,178",216.0,20190926,213.5,217.0,23.08,0.5,9921,巨大,216.5
66,940,"1,241,721","267,837,594",216.5,20190925,210.5,218.0,23.13,4.5,9921,巨大,211.5
67,513,"537,640","114,384,180",212.0,20190924,211.5,215.0,22.65,0.5,9921,巨大,213.0
68,501,"571,396","121,838,144",212.5,20190923,211.0,215.5,22.7,0.5,9921,巨大,211.0
69,"1,305","1,817,444","387,174,960",212.0,20190920,212.0,216.5,22.65,4.5,9921,巨大,215.0
70,494,"530,988","115,268,396",216.5,20190919,216.5,219.5,23.13,2.5,9921,巨大,218.0
71,926,"1,013,997","221,907,843",219.0,20190918,217.0,221.0,23.4,1.5,9921,巨大,219.5
72,362,"443,376","97,263,472",220.5,20190917,218.0,222.0,23.56,1.0,9921,巨大,221.0
73,340,"346,309","76,581,480",221.5,20190916,220.0,222.5,23.66,2.0,9921,巨大,222.5
74,324,"367,894","82,315,468",223.5,20190912,222.5,226.0,23.88,0.0,9921,巨大,224.5
75,353,"374,081","83,747,063",223.5,20190911,222.0,226.5,23.88,1.5,9921,巨大,222.0
76,347,"420,250","93,709,750",222.0,20190910,222.0,226.5,23.72,4.5,9921,巨大,226.5
77,621,"870,756","197,872,936",226.5,20190909,224.0,230.0,24.2,2.5,9921,巨大,227.0
78,694,"765,911","172,394,653",224.0,20190906,222.5,226.5,23.93,2.0,9921,巨大,225.0
79,"1,178","1,498,399","330,093,476",222.0,20190905,216.5,223.0,23.72,5.5,9921,巨大,221.0
80,649,"730,358","158,288,686",216.5,20190904,214.5,218.5,23.13,2.0,9921,巨大,214.5
81,715,"891,904","193,890,264",214.5,20190903,214.0,221.0,22.92,0.0,9921,巨大,214.5
82,685,"830,738","178,299,408",214.5,20190902,213.0,217.5,22.92,4.0,9921,巨大,217.5
83,692,"854,159","187,190,740",218.5,20190830,216.5,220.5,23.34,1.5,9921,巨大,220.0
84,"1,290","1,755,852","379,223,310",217.0,20190829,212.0,221.0,23.18,1.0,9921,巨大,218.0
85,978,"1,260,302","278,282,232",218.0,20190828,218.0,225.5,23.29,5.0,9921,巨大,225.0
86,592,"1,180,730","262,515,170",223.0,20190827,220.0,224.5,23.82,0.5,9921,巨大,224.0
87,593,"668,427","149,138,367",222.5,20190826,220.0,226.0,23.77,5.5,9921,巨大,225.0
88,265,"337,251","77,165,602",228.0,20190823,226.5,230.5,24.36,1.5,9921,巨大,230.5
89,410,"544,250","124,947,875",229.5,20190822,227.5,230.5,24.52,0.5,9921,巨大,230.5
90,812,"1,032,783","235,842,024",229.0,20190821,223.0,230.5,24.47,0.0,9921,巨大,229.0
91,865,"1,323,619","303,385,751",229.0,20190820,227.5,233.5,24.47,0.5,9921,巨大,233.5
92,709,"950,535","219,537,282",229.5,20190819,226.0,234.0,24.52,0.0,9921,巨大,230.5
93,"1,220","1,770,614","415,096,436",233.5,20190816,231.0,243.0,24.95,7.5,9921,巨大,239.5
94,774,"1,181,396","285,203,186",241.0,20190815,239.0,244.0,25.75,6.0,9921,巨大,242.0
95,"1,737","2,246,595","546,395,275",247.0,20190814,236.5,248.0,26.39,17.0,9921,巨大,236.5
96,710,"803,177","186,459,033",230.0,20190813,229.0,237.0,24.57,1.5,9921,巨大,229.0
97,426,"466,525","108,568,086",231.5,20190812,229.0,236.5,26.4,1.5,9921,巨大,229.0
