,成交筆數,成交股數,成交金額,收盤價,日期,最低價,最高價,本益比,漲跌價差,證券代號,證券名稱,開盤價
0,73,"101,013","17,550,249",173.50,20191122,173.00,174.50,21.61,0.00,9914,美利達,173.50
1,243,"345,220","59,844,780",173.5,20191121,172.0,174.0,21.61,0.5,9914,美利達,174.0
2,231,"269,395","46,832,230",174.0,20191120,173.5,174.0,21.67,0.5,9914,美利達,173.5
3,283,"336,582","58,387,975",173.5,20191119,172.0,174.5,21.61,2.0,9914,美利達,172.0
4,296,"333,398","57,620,754",171.5,20191118,171.5,175.0,21.36,2.0,9914,美利達,175.0
5,215,"285,990","49,734,780",173.5,20191115,173.0,175.5,21.61,2.0,9914,美利達,175.5
6,644,"932,601","162,078,475",175.5,20191114,172.0,177.0,21.86,1.5,9914,美利達,177.0
7,494,"674,715","118,571,196",177.0,20191113,174.5,177.0,22.04,0.0,9914,美利達,176.5
8,"1,118","1,569,920","280,114,340",177.0,20191112,174.0,180.0,22.04,4.0,9914,美利達,176.5
9,523,"706,160","124,155,520",173.0,20191111,173.0,179.0,23.44,1.0,9914,美利達,179.0
10,976,"2,114,257","369,393,535",174.0,20191108,173.0,179.0,23.58,4.5,9914,美利達,178.5
11,252,"393,603","69,979,731",178.5,20191107,176.5,178.5,24.19,2.0,9914,美利達,176.5
12,268,"337,051","59,454,027",176.5,20191106,175.0,178.5,23.92,1.5,9914,美利達,178.5
13,532,"672,092","119,065,876",178.0,20191105,175.0,179.0,24.12,0.0,9914,美利達,179.0
14,284,"316,616","56,148,032",178.0,20191104,176.0,178.5,24.12,1.0,9914,美利達,177.0
15,470,"1,320,205","233,932,395",177.0,20191101,175.5,178.5,23.98,1.0,9914,美利達,177.5
16,742,"1,185,395","209,415,125",176.0,20191031,174.0,178.0,23.85,0.5,9914,美利達,176.5
17,625,"911,928","159,909,788",176.5,20191030,172.0,177.0,23.92,4.5,9914,美利達,172.5
18,291,"606,930","104,104,210",172.0,20191029,171.5,172.5,23.31,0.5,9914,美利達,172.0
19,237,"323,701","55,502,018",171.5,20191028,170.0,173.0,23.24,1.0,9914,美利達,172.0
20,251,"248,348","42,356,328",170.5,20191025,170.0,171.5,23.1,1.0,9914,美利達,171.5
21,259,"2,196,134","374,659,827",171.5,20191024,169.5,172.0,23.24,0.5,9914,美利達,171.0
22,409,"464,238","79,476,338",171.0,20191023,170.0,174.5,23.17,2.0,9914,美利達,173.0
23,346,"381,801","66,582,073",173.0,20191022,173.0,176.0,23.44,2.0,9914,美利達,176.0
24,507,"658,571","114,621,137",175.0,20191021,172.0,175.5,23.71,1.5,9914,美利達,173.0
25,"1,971","2,695,973","473,568,812",173.5,20191018,172.0,177.5,23.51,1.5,9914,美利達,174.5
26,"1,881","2,435,672","414,745,912",172.0,20191017,166.0,172.0,23.31,6.0,9914,美利達,167.0
27,"1,429","1,777,132","294,336,412",166.0,20191016,163.0,168.0,22.49,3.0,9914,美利達,165.0
28,"1,085","1,268,501","203,878,663",163.0,20191015,158.0,163.0,22.09,5.0,9914,美利達,159.5
29,"1,555","2,128,859","340,537,658",158.0,20191014,158.0,165.0,21.41,4.5,9914,美利達,165.0
30,649,"913,189","149,700,898",162.5,20191009,162.5,167.0,22.02,4.5,9914,美利達,166.5
31,661,"885,821","148,712,516",167.0,20191008,167.0,172.0,22.63,1.5,9914,美利達,169.0
32,301,"398,489","66,923,641",168.5,20191007,167.0,168.5,22.83,1.5,9914,美利達,168.0
33,401,"519,579","86,954,772",167.0,20191004,165.5,169.5,22.63,0.5,9914,美利達,168.0
34,864,"1,036,146","173,726,536",167.5,20191003,165.0,170.5,22.7,5.5,9914,美利達,170.5
35,"1,578","2,290,316","393,797,168",173.0,20191002,167.0,175.0,23.44,6.0,9914,美利達,168.0
36,"2,663","3,451,327","574,854,076",167.0,20191001,162.0,175.5,22.63,9.5,9914,美利達,175.0
37,380,"446,861","79,156,103",176.5,20190927,176.0,179.0,23.92,2.5,9914,美利達,179.0
38,490,"622,338","111,458,252",179.0,20190926,178.0,180.0,24.25,1.0,9914,美利達,180.0
39,657,"901,126","162,932,180",180.0,20190925,178.0,184.5,24.39,0.5,9914,美利達,178.0
40,181,"207,889","37,361,074",180.5,20190924,178.5,181.0,24.46,0.5,9914,美利達,180.0
41,342,"559,223","99,929,748",180.0,20190923,178.0,180.0,24.39,1.0,9914,美利達,178.0
42,838,"1,013,178","180,874,684",179.0,20190920,177.0,180.0,24.25,0.5,9914,美利達,180.0
43,262,"330,690","59,497,352",179.5,20190919,179.0,182.0,24.32,1.5,9914,美利達,181.5
44,814,"866,323","155,897,640",181.0,20190918,179.0,182.0,24.53,1.5,9914,美利達,180.5
45,503,"697,016","125,586,365",179.5,20190917,179.0,181.0,24.32,0.5,9914,美利達,180.0
46,974,"1,043,039","186,926,981",179.0,20190916,178.0,184.0,24.25,6.0,9914,美利達,184.0
47,"1,026","1,232,326","227,755,810",185.0,20190912,182.5,187.5,25.07,4.0,9914,美利達,184.0
48,529,"601,492","109,431,796",181.0,20190911,180.5,185.0,24.53,1.5,9914,美利達,185.0
49,214,"211,812","38,936,596",182.5,20190910,182.5,189.0,24.73,5.0,9914,美利達,189.0
50,488,"530,366","99,699,076",187.5,20190909,186.0,189.0,25.41,1.5,9914,美利達,186.0
51,761,"865,799","161,650,315",186.0,20190906,183.5,188.0,25.2,1.0,9914,美利達,185.5
52,670,"836,473","154,432,005",185.0,20190905,182.5,186.0,25.07,1.5,9914,美利達,185.0
53,434,"518,730","95,592,320",183.5,20190904,181.0,185.5,24.86,1.5,9914,美利達,182.0
54,"1,153","1,504,528","277,258,624",182.0,20190903,180.0,186.5,24.66,2.0,9914,美利達,180.0
55,564,"633,024","114,243,329",180.0,20190902,178.0,182.0,24.39,1.5,9914,美利達,181.5
56,"1,611","2,353,752","424,786,227",181.5,20190830,174.5,183.5,24.59,8.0,9914,美利達,176.0
57,829,"1,025,428","176,766,400",173.5,20190829,170.5,175.5,23.51,2.5,9914,美利達,175.5
58,282,"314,184","55,137,384",176.0,20190828,174.5,177.5,23.85,0.0,9914,美利達,176.5
59,237,"261,872","46,224,275",176.0,20190827,175.5,178.0,23.85,0.5,9914,美利達,175.5
60,947,"999,802","175,446,934",175.5,20190826,172.0,180.5,23.78,5.0,9914,美利達,180.5
61,225,"221,432","40,147,192",180.5,20190823,180.0,183.0,24.46,3.0,9914,美利達,183.0
62,466,"534,581","97,467,904",183.5,20190822,181.0,184.0,24.86,2.5,9914,美利達,181.5
63,635,"656,881","119,538,461",181.0,20190821,180.5,184.5,24.53,0.5,9914,美利達,182.0
64,928,"1,081,719","195,512,639",180.5,20190820,179.0,186.0,24.46,4.0,9914,美利達,185.5
65,629,"784,243","144,275,829",184.5,20190819,182.5,186.5,25.0,0.5,9914,美利達,186.5
66,"1,134","1,254,339","231,340,376",184.0,20190816,183.0,188.5,24.93,2.5,9914,美利達,188.5
67,542,"588,189","109,783,434",186.5,20190815,186.0,187.5,25.27,2.5,9914,美利達,187.0
68,873,"1,112,268","212,426,920",189.0,20190814,189.0,196.0,25.61,4.0,9914,美利達,193.5
69,"2,190","2,745,985","527,888,120",193.0,20190813,186.0,199.0,26.15,7.0,9914,美利達,190.0
70,549,"624,768","116,759,348",186.0,20190812,185.5,188.5,25.2,4.5,9914,美利達,188.0
