,成交筆數,成交股數,成交金額,收盤價,日期,最低價,最高價,本益比,漲跌價差,證券代號,證券名稱,開盤價
0,315,"615,102","16,690,233",27.05,20191231,27.00,27.30,5.50,0.20,9946,三發地產,27.25
1,343,"705,420","19,199,404",27.25,20191230,27.0,27.35,5.54,0.3,9946,三發地產,27.0
2,268,"486,870","13,138,187",26.95,20191227,26.9,27.15,5.48,0.05,9946,三發地產,27.15
3,430,"1,109,426","29,908,754",26.9,20191226,26.8,27.25,5.47,0.3,9946,三發地產,27.2
4,381,"706,839","19,290,267",27.2,20191225,27.15,27.5,5.53,0.15,9946,三發地產,27.5
5,970,"1,948,775","52,953,871",27.35,20191224,26.9,27.45,5.56,0.55,9946,三發地產,26.95
6,460,"978,626","26,203,573",26.8,20191223,26.65,26.9,5.45,0.0,9946,三發地產,26.85
7,700,"1,594,359","42,459,244",26.8,20191220,26.25,27.0,5.45,0.55,9946,三發地產,26.25
8,395,"701,579","18,390,913",26.25,20191219,26.15,26.3,5.34,0.05,9946,三發地產,26.2
9,479,"924,220","24,239,844",26.2,20191218,26.15,26.35,5.33,0.1,9946,三發地產,26.3
10,509,"1,101,379","29,097,123",26.3,20191217,26.3,26.6,5.35,0.1,9946,三發地產,26.4
11,642,"1,389,485","36,841,824",26.4,20191216,26.35,26.75,5.37,0.05,9946,三發地產,26.45
12,"1,523","3,247,179","86,178,351",26.35,20191213,26.15,27.2,5.36,0.75,9946,三發地產,27.2
13,562,"1,108,346","30,042,503",27.1,20191212,27.0,27.3,5.51,0.1,9946,三發地產,27.2
14,"1,275","2,613,227","71,879,429",27.2,20191211,27.2,27.9,5.53,0.1,9946,三發地產,27.75
15,454,"951,788","25,883,200",27.3,20191210,27.0,27.4,5.55,0.15,9946,三發地產,27.1
16,539,"1,199,019","32,630,657",27.15,20191209,27.1,27.35,5.52,0.0,9946,三發地產,27.25
17,785,"1,517,741","41,385,660",27.15,20191206,27.15,27.55,5.52,0.35,9946,三發地產,27.5
18,592,"1,272,061","35,039,316",27.5,20191205,27.4,27.75,5.59,0.05,9946,三發地產,27.4
19,454,"858,389","23,481,553",27.45,20191204,27.15,27.45,5.58,0.2,9946,三發地產,27.25
20,580,"1,324,271","36,210,030",27.25,20191203,27.1,27.6,5.54,0.0,9946,三發地產,27.25
21,834,"1,620,377","44,473,361",27.25,20191202,27.25,27.9,5.54,0.5,9946,三發地產,27.75
22,758,"1,488,232","41,161,140",27.75,20191129,27.5,27.9,5.64,0.15,9946,三發地產,27.65
23,918,"1,849,838","51,332,124",27.6,20191128,27.6,28.1,5.61,0.65,9946,三發地產,28.1
24,"1,943","4,064,959","115,484,489",28.25,20191127,28.0,28.9,5.74,0.15,9946,三發地產,28.6
25,"1,659","3,075,518","85,714,809",28.4,20191126,27.35,28.45,5.77,1.1,9946,三發地產,27.5
26,681,"1,258,833","34,489,676",27.3,20191125,27.25,27.7,5.55,0.05,9946,三發地產,27.5
27,"1,150","2,108,031","57,898,183",27.35,20191122,27.25,27.9,5.56,0.4,9946,三發地產,27.85
28,"1,105","2,003,045","55,567,726",27.75,20191121,27.5,28.0,5.64,0.35,9946,三發地產,27.8
29,"1,617","3,069,259","85,223,515",28.1,20191120,27.3,28.1,5.71,0.0,9946,三發地產,28.0
30,"5,774","11,911,601","336,579,753",28.1,20191119,27.25,29.2,5.71,0.2,9946,三發地產,28.0
31,"4,270","8,758,664","239,428,789",27.9,20191118,26.1,28.15,5.67,2.15,9946,三發地產,26.25
32,"1,265","2,764,551","71,559,948",25.75,20191115,25.55,26.2,5.23,0.25,9946,三發地產,25.6
33,"1,235","2,931,835","74,875,987",25.5,20191114,25.2,26.1,5.18,0.45,9946,三發地產,25.95
34,"1,598","3,631,672","94,373,522",25.95,20191113,25.8,26.25,5.27,0.25,9946,三發地產,25.95
35,"2,342","4,672,749","119,012,162",25.7,20191112,25.15,26.0,5.22,1.3,9946,三發地產,25.2
36,"1,518","3,319,449","82,151,350",24.4,20191111,24.35,25.15,4.96,0.1,9946,三發地產,24.75
37,"1,321","3,094,993","76,094,420",24.5,20191108,24.4,24.8,4.98,0.3,9946,三發地產,24.6
38,"2,685","5,799,987","140,903,316",24.2,20191107,23.8,24.8,4.92,0.8,9946,三發地產,23.95
39,304,"535,930","12,563,263",23.4,20191106,23.35,23.55,5.53,0.0,9946,三發地產,23.5
40,190,"348,160","8,143,480",23.4,20191105,23.35,23.55,5.53,0.0,9946,三發地產,23.5
41,460,"895,260","21,048,001",23.4,20191104,23.3,23.8,5.53,0.0,9946,三發地產,23.45
42,199,"342,949","8,012,512",23.4,20191101,23.25,23.5,5.53,0.05,9946,三發地產,23.4
43,324,"608,654","14,314,110",23.35,20191031,23.35,23.8,5.52,0.15,9946,三發地產,23.7
44,265,"468,739","10,990,762",23.5,20191030,23.15,23.6,5.56,0.3,9946,三發地產,23.2
45,484,"876,006","20,386,478",23.2,20191029,23.15,23.65,5.48,0.3,9946,三發地產,23.5
46,326,"610,186","14,427,866",23.5,20191028,23.5,23.9,5.56,0.3,9946,三發地產,23.8
47,358,"754,552","17,972,275",23.8,20191025,23.65,24.0,5.63,0.0,9946,三發地產,23.95
48,300,"573,870","13,630,963",23.8,20191024,23.65,23.85,5.63,0.15,9946,三發地產,23.7
49,972,"2,033,453","48,679,000",23.65,20191023,23.65,24.3,5.59,0.05,9946,三發地產,23.95
50,424,"919,390","21,813,649",23.7,20191022,23.65,23.85,5.6,0.15,9946,三發地產,23.7
51,443,"954,465","22,544,425",23.55,20191021,23.4,23.8,5.57,0.15,9946,三發地產,23.55
52,596,"1,255,040","29,460,816",23.4,20191018,23.3,23.75,5.53,0.25,9946,三發地產,23.65
53,"1,163","2,543,278","60,283,773",23.65,20191017,23.4,24.0,5.59,0.35,9946,三發地產,23.45
54,848,"1,861,205","43,060,592",23.3,20191016,22.75,23.4,5.51,0.65,9946,三發地產,22.75
55,529,"1,161,259","26,529,251",22.65,20191015,22.65,23.05,5.35,0.35,9946,三發地產,23.0
56,765,"1,242,110","28,284,047",23.0,20191014,22.4,23.1,5.44,0.65,9946,三發地產,22.5
57,185,"388,555","8,682,919",22.35,20191009,22.25,22.4,5.28,0.0,9946,三發地產,22.3
58,262,"455,032","10,158,848",22.35,20191008,22.2,22.5,5.28,0.1,9946,三發地產,22.3
59,329,"585,723","13,055,252",22.25,20191007,22.2,22.4,5.26,0.15,9946,三發地產,22.4
60,460,"677,305","15,184,338",22.4,20191004,22.3,22.75,5.3,0.2,9946,三發地產,22.6
61,459,"794,892","17,850,261",22.6,20191003,22.1,22.6,5.34,0.4,9946,三發地產,22.2
62,432,"776,040","17,281,814",22.2,20191002,22.05,22.4,5.25,0.05,9946,三發地產,22.05
63,"1,108","2,443,804","54,684,593",22.15,20191001,22.1,22.85,5.24,0.7,9946,三發地產,22.85
64,553,"1,052,598","24,238,629",22.85,20190927,22.85,23.3,5.4,0.45,9946,三發地產,23.3
65,975,"1,663,015","38,570,318",23.3,20190926,22.9,23.45,5.51,0.6,9946,三發地產,23.05
66,"1,226","2,314,390","52,774,724",22.7,20190925,22.65,23.05,5.37,0.4,9946,三發地產,23.0
67,927,"1,510,683","35,001,359",23.1,20190924,23.1,23.4,5.46,0.2,9946,三發地產,23.3
68,571,"1,514,190","35,367,533",23.3,20190923,23.25,23.55,5.51,0.3,9946,三發地產,23.55
69,469,"1,184,358","27,781,296",23.6,20190920,23.3,23.6,5.58,0.1,9946,三發地產,23.5
70,407,"871,020","20,392,114",23.5,20190919,23.25,23.5,5.56,0.35,9946,三發地產,23.25
71,414,"705,230","16,374,547",23.15,20190918,23.15,23.3,5.47,0.0,9946,三發地產,23.2
72,412,"988,931","22,966,200",23.15,20190917,23.1,23.45,5.47,0.0,9946,三發地產,23.15
73,834,"1,602,623","37,249,605",23.15,20190916,23.1,23.6,5.47,0.45,9946,三發地產,23.6
74,408,"826,840","19,561,838",23.6,20190912,23.6,23.8,5.58,0.15,9946,三發地產,23.75
75,681,"1,521,390","36,331,319",23.75,20190911,23.6,24.15,5.61,0.3,9946,三發地產,23.6
76,719,"1,467,495","34,339,606",23.45,20190910,23.2,23.75,5.54,0.2,9946,三發地產,23.75
77,858,"2,014,476","47,912,603",23.65,20190909,23.6,24.15,5.59,0.55,9946,三發地產,24.15
78,"1,434","3,262,397","79,704,705",24.2,20190906,24.1,25.15,5.72,0.55,9946,三發地產,25.15
79,"1,576","3,590,445","88,139,566",24.75,20190905,24.0,24.9,5.85,1.05,9946,三發地產,24.0
80,993,"2,198,816","52,056,358",23.7,20190904,23.1,23.95,5.6,0.65,9946,三發地產,23.1
81,"1,088","2,417,410","56,354,693",23.05,20190903,23.05,23.8,5.45,0.7,9946,三發地產,23.75
82,391,"872,384","20,770,007",23.75,20190902,23.75,23.9,5.61,0.05,9946,三發地產,23.85
83,668,"1,441,037","34,480,833",23.8,20190830,23.8,24.2,5.63,0.25,9946,三發地產,24.2
84,496,"1,010,341","24,271,650",24.05,20190829,23.9,24.3,5.69,0.15,9946,三發地產,24.3
85,671,"1,628,442","39,114,082",23.9,20190828,23.85,24.25,5.65,0.2,9946,三發地產,24.2
86,773,"1,574,290","38,210,345",24.1,20190827,24.1,24.45,5.7,0.15,9946,三發地產,24.45
87,615,"1,518,913","36,623,986",24.25,20190826,23.85,24.25,5.73,0.15,9946,三發地產,24.1
88,894,"1,839,955","44,827,001",24.4,20190823,24.1,24.65,5.77,0.1,9946,三發地產,24.6
89,"1,138","2,339,670","56,991,212",24.5,20190822,24.1,24.6,5.79,0.6,9946,三發地產,24.2
90,"1,201","2,521,486","60,144,460",23.9,20190821,23.55,24.15,5.65,0.35,9946,三發地產,23.55
91,"3,385","7,438,894","180,174,240",23.55,20190820,23.55,25.35,5.57,1.75,9946,三發地產,25.35
92,"2,041","4,521,398","113,175,402",25.3,20190819,24.65,25.3,5.98,0.0,9946,三發地產,24.65
93,"3,117","7,868,473","207,558,796",26.3,20190816,26.05,26.65,6.22,0.6,9946,三發地產,26.5
94,"2,586","6,651,980","167,388,619",25.7,20190815,24.2,25.9,6.08,1.2,9946,三發地產,24.3
95,"1,534","4,154,544","102,653,121",24.5,20190814,24.45,25.0,5.79,0.1,9946,三發地產,24.9
96,"2,178","5,483,955","136,446,336",24.6,20190813,24.55,25.3,5.82,0.1,9946,三發地產,24.9
97,"2,421","6,008,804","148,013,249",24.7,20190812,24.15,24.9,5.84,0.6,9946,三發地產,24.55
