,指數,收盤指數,日期,漲跌(+/-),漲跌百分比(%),漲跌點數
0,臺灣中型100指數,"8,378.80",20191122,<p style ='color:red'>+</p>,0.38,31.31
1,臺灣中型100指數,"8,347.49",20191121,<p style ='color:green'>-</p>,-0.42,35.36
2,臺灣中型100指數,"8,382.85",20191120,<p style ='color:green'>-</p>,-0.13,10.99
3,臺灣中型100指數,"8,393.84",20191119,<p style ='color:red'>+</p>,0.29,24.02
4,臺灣中型100指數,"8,369.82",20191118,<p style ='color:red'>+</p>,0.39,32.6
5,臺灣中型100指數,"8,337.22",20191115,<p style ='color:red'>+</p>,0.36,29.63
6,臺灣中型100指數,"8,307.59",20191114,<p style ='color:green'>-</p>,-0.23,18.84
7,臺灣中型100指數,"8,326.43",20191113,<p style ='color:green'>-</p>,-0.53,44.29
8,臺灣中型100指數,"8,370.72",20191112,<p style ='color:red'>+</p>,1.02,84.42
9,臺灣中型100指數,"8,286.30",20191111,<p style ='color:green'>-</p>,-0.96,80.54
10,臺灣中型100指數,"8,366.84",20191108,<p style ='color:red'>+</p>,0.04,3.74
11,臺灣中型100指數,"8,363.10",20191107,<p style ='color:green'>-</p>,-0.61,51.38
12,臺灣中型100指數,"8,414.48",20191106,<p style ='color:green'>-</p>,-0.58,48.71
13,臺灣中型100指數,"8,463.19",20191105,<p style ='color:red'>+</p>,0.57,47.63
14,臺灣中型100指數,"8,415.56",20191104,<p style ='color:red'>+</p>,0.54,45.03
15,臺灣中型100指數,"8,370.53",20191101,<p style ='color:red'>+</p>,0.04,3.54
16,臺灣中型100指數,"8,366.99",20191031,<p style ='color:green'>-</p>,-0.12,10.01
17,臺灣中型100指數,"8,377.00",20191030,<p style ='color:red'>+</p>,0.52,43.25
18,臺灣中型100指數,"8,333.75",20191029,<p style ='color:green'>-</p>,-0.7,59.06
19,臺灣中型100指數,"8,392.81",20191028,<p style ='color:red'>+</p>,0.14,11.34
20,臺灣中型100指數,"8,381.47",20191025,<p style ='color:green'>-</p>,-0.36,30.23
21,臺灣中型100指數,"8,411.70",20191024,<p style ='color:red'>+</p>,0.89,73.81
22,臺灣中型100指數,"8,337.89",20191023,<p style ='color:red'>+</p>,0.36,29.56
23,臺灣中型100指數,"8,308.33",20191022,<p style ='color:red'>+</p>,0.18,15.12
24,臺灣中型100指數,"8,293.21",20191021,<p style ='color:red'>+</p>,0.1,8.5
25,臺灣中型100指數,"8,284.71",20191018,<p style ='color:red'>+</p>,0.12,9.7
26,臺灣中型100指數,"8,275.01",20191017,<p style ='color:red'>+</p>,0.63,52.18
27,臺灣中型100指數,"8,222.83",20191016,<p style ='color:red'>+</p>,0.26,21.34
28,臺灣中型100指數,"8,201.49",20191015,<p style ='color:red'>+</p>,0.11,8.92
29,臺灣中型100指數,"8,192.57",20191014,<p style ='color:red'>+</p>,1.5,121.36
30,臺灣中型100指數,"8,071.21",20191009,<p style ='color:green'>-</p>,-1.03,83.64
31,臺灣中型100指數,"8,154.85",20191008,<p style ='color:green'>-</p>,-0.11,9.17
32,臺灣中型100指數,"8,164.02",20191007,<p style ='color:red'>+</p>,0.41,33.44
33,臺灣中型100指數,"8,130.58",20191004,<p style ='color:red'>+</p>,0.21,17.02
34,臺灣中型100指數,"8,113.56",20191003,<p style ='color:green'>-</p>,-0.19,15.17
35,臺灣中型100指數,"8,128.73",20191002,<p style ='color:red'>+</p>,0.35,28.51
36,臺灣中型100指數,"8,100.22",20191001,<p style ='color:red'>+</p>,0.84,67.46
37,臺灣中型100指數,"8,032.76",20190927,<p style ='color:green'>-</p>,-1.38,112.32
38,臺灣中型100指數,"8,145.08",20190926,<p style ='color:green'>-</p>,-0.36,29.24
39,臺灣中型100指數,"8,174.32",20190925,<p style ='color:green'>-</p>,-0.62,51.29
40,臺灣中型100指數,"8,225.61",20190924,<p style ='color:green'>-</p>,-0.06,4.54
41,臺灣中型100指數,"8,230.15",20190923,<p style ='color:red'>+</p>,0.4,32.67
42,臺灣中型100指數,"8,197.48",20190920,<p style ='color:red'>+</p>,0.33,26.9
43,臺灣中型100指數,"8,170.58",20190919,<p style ='color:green'>-</p>,-0.11,8.97
44,臺灣中型100指數,"8,179.55",20190918,<p style ='color:red'>+</p>,0.43,35.21
45,臺灣中型100指數,"8,144.34",20190917,<p style ='color:red'>+</p>,0.04,2.89
46,臺灣中型100指數,"8,141.45",20190916,<p style ='color:green'>-</p>,-0.05,3.78
47,臺灣中型100指數,"8,145.23",20190912,<p style ='color:red'>+</p>,0.65,52.59
48,臺灣中型100指數,"8,092.64",20190911,<p style ='color:red'>+</p>,0.54,43.53
49,臺灣中型100指數,"8,049.11",20190910,<p style ='color:green'>-</p>,-0.25,20.1
50,臺灣中型100指數,"8,069.21",20190909,<p style ='color:green'>-</p>,-0.07,5.98
51,臺灣中型100指數,"8,075.19",20190906,<p style ='color:red'>+</p>,0.3,24.41
52,臺灣中型100指數,"8,050.78",20190905,<p style ='color:red'>+</p>,0.52,41.81
53,臺灣中型100指數,"8,008.97",20190904,<p style ='color:red'>+</p>,0.83,66.18
54,臺灣中型100指數,"7,942.79",20190903,<p style ='color:green'>-</p>,-0.62,49.79
55,臺灣中型100指數,"7,992.58",20190902,<p style ='color:red'>+</p>,0.9,71.14
56,臺灣中型100指數,"7,921.44",20190830,<p style ='color:red'>+</p>,1.38,107.61
57,臺灣中型100指數,"7,813.83",20190829,<p style ='color:red'>+</p>,0.16,12.41
58,臺灣中型100指數,"7,801.42",20190828,<p style ='color:red'>+</p>,0.35,27.52
59,臺灣中型100指數,"7,773.90",20190827,<p style ='color:red'>+</p>,0.49,38.13
60,臺灣中型100指數,"7,735.77",20190826,<p style ='color:green'>-</p>,-2.02,159.66
61,臺灣中型100指數,"7,895.43",20190823,<p style ='color:green'>-</p>,-0.13,10.14
62,臺灣中型100指數,"7,905.57",20190822,<p style ='color:red'>+</p>,0.16,12.34
63,臺灣中型100指數,"7,893.23",20190821,<p style ='color:red'>+</p>,0.29,23.04
64,臺灣中型100指數,"7,870.19",20190820,<p style ='color:green'>-</p>,-0.03,2.06
65,臺灣中型100指數,"7,872.25",20190819,<p style ='color:red'>+</p>,0.83,64.72
66,臺灣中型100指數,"7,807.53",20190816,<p style ='color:red'>+</p>,0.55,42.71
67,臺灣中型100指數,"7,764.82",20190815,<p style ='color:green'>-</p>,-0.98,77.22
