,指數,收盤指數,日期,漲跌(+/-),漲跌百分比(%),漲跌點數
0,臺灣高薪100指數,"6,360.72",20191122,<p style ='color:red'>+</p>,0.20,12.67
1,臺灣高薪100指數,"6,348.05",20191121,<p style ='color:green'>-</p>,-0.65,41.48
2,臺灣高薪100指數,"6,389.53",20191120,<p style ='color:green'>-</p>,-0.2,12.52
3,臺灣高薪100指數,"6,402.05",20191119,<p style ='color:red'>+</p>,0.45,28.96
4,臺灣高薪100指數,"6,373.09",20191118,<p style ='color:red'>+</p>,0.76,47.79
5,臺灣高薪100指數,"6,325.30",20191115,<p style ='color:red'>+</p>,0.58,36.38
6,臺灣高薪100指數,"6,288.92",20191114,<p style ='color:green'>-</p>,-0.24,15.1
7,臺灣高薪100指數,"6,304.02",20191113,<p style ='color:green'>-</p>,-0.56,35.42
8,臺灣高薪100指數,"6,339.44",20191112,<p style ='color:red'>+</p>,0.89,55.8
9,臺灣高薪100指數,"6,283.64",20191111,<p style ='color:green'>-</p>,-1.22,77.3
10,臺灣高薪100指數,"6,360.94",20191108,<p style ='color:green'>-</p>,-0.09,5.54
11,臺灣高薪100指數,"6,366.48",20191107,<p style ='color:green'>-</p>,-0.34,21.9
12,臺灣高薪100指數,"6,388.38",20191106,<p style ='color:red'>+</p>,0.39,24.81
13,臺灣高薪100指數,"6,363.57",20191105,<p style ='color:red'>+</p>,0.83,52.08
14,臺灣高薪100指數,"6,311.49",20191104,<p style ='color:red'>+</p>,1.45,90.21
15,臺灣高薪100指數,"6,221.28",20191101,<p style ='color:red'>+</p>,0.6,36.81
16,臺灣高薪100指數,"6,184.47",20191031,<p style ='color:green'>-</p>,-0.22,13.73
17,臺灣高薪100指數,"6,198.20",20191030,<p style ='color:red'>+</p>,0.18,11.29
18,臺灣高薪100指數,"6,186.91",20191029,<p style ='color:red'>+</p>,0.33,20.34
19,臺灣高薪100指數,"6,166.57",20191028,<p style ='color:red'>+</p>,0.11,6.59
20,臺灣高薪100指數,"6,159.98",20191025,<p style ='color:green'>-</p>,-0.29,17.62
21,臺灣高薪100指數,"6,177.60",20191024,<p style ='color:red'>+</p>,0.73,44.86
22,臺灣高薪100指數,"6,132.74",20191023,<p style ='color:green'>-</p>,-0.23,14.31
23,臺灣高薪100指數,"6,147.05",20191022,<p style ='color:red'>+</p>,0.77,47.13
24,臺灣高薪100指數,"6,099.92",20191021,<p style ='color:red'>+</p>,0.16,9.72
25,臺灣高薪100指數,"6,090.20",20191018,<p style ='color:green'>-</p>,-0.09,5.24
26,臺灣高薪100指數,"6,095.44",20191017,<p style ='color:red'>+</p>,0.46,27.75
27,臺灣高薪100指數,"6,067.69",20191016,<p style ='color:red'>+</p>,0.45,27.15
28,臺灣高薪100指數,"6,040.54",20191015,<p style ='color:red'>+</p>,0.16,9.91
29,臺灣高薪100指數,"6,030.63",20191014,<p style ='color:red'>+</p>,1.35,80.24
30,臺灣高薪100指數,"5,950.39",20191009,<p style ='color:green'>-</p>,-1.31,78.71
31,臺灣高薪100指數,"6,029.10",20191008,<p style ='color:red'>+</p>,0.48,28.55
32,臺灣高薪100指數,"6,000.55",20191007,<p style ='color:red'>+</p>,0.23,13.65
33,臺灣高薪100指數,"5,986.90",20191004,<p style ='color:red'>+</p>,0.3,17.71
34,臺灣高薪100指數,"5,969.19",20191003,<p style ='color:green'>-</p>,-0.74,44.36
35,臺灣高薪100指數,"6,013.55",20191002,<p style ='color:green'>-</p>,-0.35,21.34
36,臺灣高薪100指數,"6,034.89",20191001,<p style ='color:red'>+</p>,0.99,58.91
37,臺灣高薪100指數,"5,975.98",20190927,<p style ='color:green'>-</p>,-0.65,38.84
38,臺灣高薪100指數,"6,014.82",20190926,<p style ='color:green'>-</p>,-0.13,8.09
39,臺灣高薪100指數,"6,022.91",20190925,<p style ='color:green'>-</p>,-0.46,27.58
40,臺灣高薪100指數,"6,050.49",20190924,<p style ='color:red'>+</p>,0.07,4.28
41,臺灣高薪100指數,"6,046.21",20190923,<p style ='color:green'>-</p>,-0.21,12.9
42,臺灣高薪100指數,"6,059.11",20190920,<p style ='color:red'>+</p>,0.43,25.68
43,臺灣高薪100指數,"6,033.43",20190919,<p style ='color:green'>-</p>,-0.27,16.62
44,臺灣高薪100指數,"6,050.05",20190918,<p style ='color:red'>+</p>,0.39,23.21
45,臺灣高薪100指數,"6,026.84",20190917,<p style ='color:green'>-</p>,-0.06,3.47
46,臺灣高薪100指數,"6,030.31",20190916,<p style ='color:red'>+</p>,0.59,35.46
47,臺灣高薪100指數,"5,994.85",20190912,<p style ='color:red'>+</p>,0.32,18.94
48,臺灣高薪100指數,"5,975.91",20190911,<p style ='color:red'>+</p>,0.24,14.16
49,臺灣高薪100指數,"5,961.75",20190910,<p style ='color:green'>-</p>,-0.07,4.08
50,臺灣高薪100指數,"5,965.83",20190909,<p style ='color:red'>+</p>,0.38,22.77
51,臺灣高薪100指數,"5,943.06",20190906,<p style ='color:red'>+</p>,0.3,17.75
52,臺灣高薪100指數,"5,925.31",20190905,<p style ='color:red'>+</p>,0.96,56.28
53,臺灣高薪100指數,"5,869.03",20190904,<p style ='color:red'>+</p>,0.87,50.51
54,臺灣高薪100指數,"5,818.52",20190903,<p style ='color:green'>-</p>,-0.71,41.37
55,臺灣高薪100指數,"5,859.89",20190902,<p style ='color:red'>+</p>,0.1,6.07
56,臺灣高薪100指數,"5,853.82",20190830,<p style ='color:red'>+</p>,1.52,87.88
57,臺灣高薪100指數,"5,765.94",20190829,<p style ='color:green'>-</p>,-0.11,6.49
58,臺灣高薪100指數,"5,772.43",20190828,<p style ='color:red'>+</p>,0.53,30.65
59,臺灣高薪100指數,"5,741.78",20190827,<p style ='color:red'>+</p>,0.33,18.72
60,臺灣高薪100指數,"5,723.06",20190826,<p style ='color:green'>-</p>,-1.47,85.37
61,臺灣高薪100指數,"5,808.43",20190823,<p style ='color:red'>+</p>,0.27,15.59
62,臺灣高薪100指數,"5,792.84",20190822,<p style ='color:red'>+</p>,0.04,2.27
63,臺灣高薪100指數,"5,790.57",20190821,<p style ='color:green'>-</p>,-0.11,6.31
64,臺灣高薪100指數,"5,796.88",20190820,<p style ='color:red'>+</p>,0.09,5.38
65,臺灣高薪100指數,"5,791.50",20190819,<p style ='color:red'>+</p>,0.64,37.02
66,臺灣高薪100指數,"5,754.48",20190816,<p style ='color:red'>+</p>,1.26,71.66
67,臺灣高薪100指數,"5,682.82",20190815,<p style ='color:green'>-</p>,-1.09,62.64
