,指數,收盤指數,日期,漲跌(+/-),漲跌百分比(%),漲跌點數
0,電子零組件類指數,120.04,20191231,<p style ='color:red'>+</p>,0.29,0.35
1,電子零組件類指數,119.69,20191230,<p style ='color:red'>+</p>,1.71,2.01
2,電子零組件類指數,117.68,20191227,<p style ='color:red'>+</p>,1.15,1.34
3,電子零組件類指數,116.34,20191226,<p style ='color:green'>-</p>,-0.35,0.41
4,電子零組件類指數,116.75,20191225,<p style ='color:red'>+</p>,1.05,1.21
5,電子零組件類指數,115.54,20191224,<p style ='color:red'>+</p>,0.61,0.7
6,電子零組件類指數,114.84,20191223,<p style ='color:green'>-</p>,-0.33,0.38
7,電子零組件類指數,115.22,20191220,<p style ='color:red'>+</p>,0.04,0.05
8,電子零組件類指數,115.17,20191219,<p style ='color:green'>-</p>,-0.06,0.07
9,電子零組件類指數,115.24,20191218,<p style ='color:green'>-</p>,-0.38,0.44
10,電子零組件類指數,115.68,20191217,<p style ='color:red'>+</p>,0.56,0.64
11,電子零組件類指數,115.04,20191216,<p style ='color:red'>+</p>,1.45,1.64
12,電子零組件類指數,113.4,20191213,<p style ='color:green'>-</p>,-0.53,0.6
13,電子零組件類指數,114.0,20191212,<p style ='color:red'>+</p>,0.13,0.15
14,電子零組件類指數,113.85,20191211,<p style ='color:red'>+</p>,0.32,0.36
15,電子零組件類指數,113.49,20191210,<p style ='color:green'>-</p>,-0.21,0.24
16,電子零組件類指數,113.73,20191209,<p style ='color:red'>+</p>,0.74,0.83
17,電子零組件類指數,112.9,20191206,<p style ='color:red'>+</p>,0.37,0.42
18,電子零組件類指數,112.48,20191205,<p style ='color:red'>+</p>,0.49,0.55
19,電子零組件類指數,111.93,20191204,<p style ='color:green'>-</p>,-0.21,0.23
20,電子零組件類指數,112.16,20191203,<p style ='color:red'>+</p>,1.06,1.18
21,電子零組件類指數,110.98,20191202,<p style ='color:green'>-</p>,-0.38,0.42
22,電子零組件類指數,111.4,20191129,<p style ='color:green'>-</p>,-1.38,1.56
23,電子零組件類指數,112.96,20191128,<p style ='color:red'>+</p>,0.05,0.06
24,電子零組件類指數,112.9,20191127,<p style ='color:red'>+</p>,0.83,0.93
25,電子零組件類指數,111.97,20191126,<p style ='color:red'>+</p>,0.93,1.03
26,電子零組件類指數,110.94,20191125,<p style ='color:red'>+</p>,0.35,0.39
27,電子零組件類指數,110.55,20191122,<p style ='color:green'>-</p>,-0.23,0.25
28,電子零組件類指數,110.8,20191121,<p style ='color:green'>-</p>,-0.12,0.13
29,電子零組件類指數,110.93,20191120,<p style ='color:green'>-</p>,-1.18,1.33
30,電子零組件類指數,112.26,20191119,<p style ='color:red'>+</p>,0.49,0.55
31,電子零組件類指數,111.71,20191118,<p style ='color:red'>+</p>,0.89,0.98
32,電子零組件類指數,110.73,20191115,<p style ='color:green'>-</p>,-0.05,0.05
33,電子零組件類指數,110.78,20191114,<p style ='color:green'>-</p>,-0.02,0.02
34,電子零組件類指數,110.8,20191113,<p style ='color:green'>-</p>,-0.58,0.65
35,電子零組件類指數,111.45,20191112,<p style ='color:red'>+</p>,1.86,2.04
36,電子零組件類指數,109.41,20191111,<p style ='color:green'>-</p>,-2.1,2.35
37,電子零組件類指數,111.76,20191108,<p style ='color:red'>+</p>,0.46,0.51
38,電子零組件類指數,111.25,20191107,<p style ='color:green'>-</p>,-0.3,0.34
39,電子零組件類指數,111.59,20191106,<p style ='color:green'>-</p>,-1.19,1.34
40,電子零組件類指數,112.93,20191105,<p style ='color:red'>+</p>,1.6,1.78
41,電子零組件類指數,111.15,20191104,<p style ='color:red'>+</p>,0.47,0.52
42,電子零組件類指數,110.63,20191101,<p style ='color:red'>+</p>,0.1,0.11
43,電子零組件類指數,110.52,20191031,<p style ='color:green'>-</p>,-0.8,0.89
44,電子零組件類指數,111.41,20191030,<p style ='color:red'>+</p>,1.15,1.27
45,電子零組件類指數,110.14,20191029,<p style ='color:green'>-</p>,-1.62,1.81
46,電子零組件類指數,111.95,20191028,<p style ='color:red'>+</p>,0.61,0.68
47,電子零組件類指數,111.27,20191025,<p style ='color:green'>-</p>,-0.19,0.21
48,電子零組件類指數,111.48,20191024,<p style ='color:red'>+</p>,1.23,1.35
49,電子零組件類指數,110.13,20191023,<p style ='color:green'>-</p>,-0.02,0.02
50,電子零組件類指數,110.15,20191022,<p style ='color:red'>+</p>,1.03,1.12
51,電子零組件類指數,109.03,20191021,<p style ='color:red'>+</p>,0.17,0.19
52,電子零組件類指數,108.84,20191018,<p style ='color:red'>+</p>,0.75,0.81
53,電子零組件類指數,108.03,20191017,<p style ='color:red'>+</p>,1.11,1.19
54,電子零組件類指數,106.84,20191016,<p style ='color:green'>-</p>,-0.43,0.46
55,電子零組件類指數,107.3,20191015,<p style ='color:red'>+</p>,0.02,0.02
56,電子零組件類指數,107.28,20191014,<p style ='color:red'>+</p>,3.12,3.25
57,電子零組件類指數,104.03,20191009,<p style ='color:green'>-</p>,-1.3,1.37
58,電子零組件類指數,105.4,20191008,<p style ='color:green'>-</p>,-0.27,0.29
59,電子零組件類指數,105.69,20191007,<p style ='color:red'>+</p>,1.63,1.7
60,電子零組件類指數,103.99,20191004,<p style ='color:green'>-</p>,-0.38,0.4
61,電子零組件類指數,104.39,20191003,<p style ='color:green'>-</p>,-0.65,0.68
62,電子零組件類指數,105.07,20191002,<p style ='color:red'>+</p>,0.64,0.67
63,電子零組件類指數,104.4,20191001,<p style ='color:red'>+</p>,2.02,2.07
64,電子零組件類指數,102.33,20190927,<p style ='color:green'>-</p>,-1.37,1.42
65,電子零組件類指數,103.75,20190926,<p style ='color:red'>+</p>,0.05,0.05
66,電子零組件類指數,103.7,20190925,<p style ='color:green'>-</p>,-1.5,1.58
67,電子零組件類指數,105.28,20190924,<p style ='color:green'>-</p>,-1.18,1.26
68,電子零組件類指數,106.54,20190923,<p style ='color:red'>+</p>,0.69,0.73
69,電子零組件類指數,105.81,20190920,<p style ='color:green'>-</p>,-0.32,0.34
70,電子零組件類指數,106.15,20190919,<p style ='color:red'>+</p>,0.26,0.27
71,電子零組件類指數,105.88,20190918,<p style ='color:red'>+</p>,0.55,0.58
72,電子零組件類指數,105.3,20190917,<p style ='color:red'>+</p>,0.05,0.05
73,電子零組件類指數,105.25,20190916,<p style ='color:red'>+</p>,0.47,0.49
74,電子零組件類指數,104.76,20190912,<p style ='color:red'>+</p>,1.17,1.21
75,電子零組件類指數,103.55,20190911,<p style ='color:red'>+</p>,0.25,0.26
76,電子零組件類指數,103.29,20190910,<p style ='color:green'>-</p>,-0.67,0.7
77,電子零組件類指數,103.99,20190909,<p style ='color:green'>-</p>,-1.33,1.4
78,電子零組件類指數,105.39,20190906,<p style ='color:green'>-</p>,-0.21,0.22
79,電子零組件類指數,105.61,20190905,<p style ='color:red'>+</p>,1.68,1.74
80,電子零組件類指數,103.87,20190904,<p style ='color:red'>+</p>,0.64,0.66
81,電子零組件類指數,103.21,20190903,<p style ='color:green'>-</p>,-0.57,0.59
82,電子零組件類指數,103.8,20190902,<p style ='color:red'>+</p>,1.34,1.37
83,電子零組件類指數,102.43,20190830,<p style ='color:red'>+</p>,1.82,1.83
84,電子零組件類指數,100.6,20190829,<p style ='color:red'>+</p>,0.39,0.39
85,電子零組件類指數,100.21,20190828,<p style ='color:green'>-</p>,-0.1,0.1
86,電子零組件類指數,100.31,20190827,<p style ='color:red'>+</p>,0.33,0.33
87,電子零組件類指數,99.98,20190826,<p style ='color:green'>-</p>,-3.89,4.05
88,電子零組件類指數,104.03,20190823,<p style ='color:green'>-</p>,-0.29,0.3
89,電子零組件類指數,104.33,20190822,<p style ='color:red'>+</p>,0.61,0.63
90,電子零組件類指數,103.7,20190821,<p style ='color:red'>+</p>,0.07,0.07
91,電子零組件類指數,103.63,20190820,<p style ='color:red'>+</p>,0.61,0.63
92,電子零組件類指數,103.0,20190819,<p style ='color:red'>+</p>,1.45,1.47
93,電子零組件類指數,101.53,20190816,<p style ='color:green'>-</p>,-0.01,0.01
94,電子零組件類指數,101.54,20190815,<p style ='color:green'>-</p>,-0.89,0.91
