,指數,收盤指數,日期,漲跌(+/-),漲跌百分比(%),漲跌點數
0,電器電纜類指數,46.89,20191122,<p style ='color:red'>+</p>,0.93,0.43
1,電器電纜類指數,46.46,20191121,<p style ='color:green'>-</p>,-0.19,0.09
2,電器電纜類指數,46.55,20191120,<p style ='color:red'>+</p>,0.24,0.11
3,電器電纜類指數,46.44,20191119,<p style ='color:green'>-</p>,-0.39,0.18
4,電器電纜類指數,46.62,20191118,<p style ='color:red'>+</p>,0.5,0.23
5,電器電纜類指數,46.39,20191115,<p style ='color:red'>+</p>,0.02,0.01
6,電器電纜類指數,46.38,20191114,<p style ='color:green'>-</p>,-0.62,0.29
7,電器電纜類指數,46.67,20191113,<p style ='color:red'>+</p>,0.63,0.29
8,電器電纜類指數,46.38,20191112,<p style ='color:green'>-</p>,-0.06,0.03
9,電器電纜類指數,46.41,20191111,<p style ='color:green'>-</p>,-0.51,0.24
10,電器電纜類指數,46.65,20191108,<p style ='color:red'>+</p>,0.39,0.18
11,電器電纜類指數,46.47,20191107,<p style ='color:green'>-</p>,-0.62,0.29
12,電器電纜類指數,46.76,20191106,<p style ='color:green'>-</p>,-0.7,0.33
13,電器電纜類指數,47.09,20191105,<p style ='color:green'>-</p>,-0.08,0.04
14,電器電纜類指數,47.13,20191104,<p style ='color:green'>-</p>,-0.53,0.25
15,電器電纜類指數,47.38,20191101,<p style ='color:green'>-</p>,-0.21,0.1
16,電器電纜類指數,47.48,20191031,<p style ='color:green'>-</p>,-0.13,0.06
17,電器電纜類指數,47.54,20191030,<p style ='color:red'>+</p>,0.13,0.06
18,電器電纜類指數,47.48,20191029,<p style ='color:green'>-</p>,-0.34,0.16
19,電器電纜類指數,47.64,20191028,<p style ='color:green'>-</p>,-0.4,0.19
20,電器電纜類指數,47.83,20191025,<p style ='color:red'>+</p>,0.21,0.1
21,電器電纜類指數,47.73,20191024,<p style ='color:red'>+</p>,0.23,0.11
22,電器電纜類指數,47.62,20191023,<p style ='color:green'>-</p>,-0.73,0.35
23,電器電纜類指數,47.97,20191022,<p style ='color:green'>-</p>,-0.15,0.07
24,電器電纜類指數,48.04,20191021,<p style ='color:red'>+</p>,1.72,0.81
25,電器電纜類指數,47.23,20191018,<p style ='color:red'>+</p>,0.13,0.06
26,電器電纜類指數,47.17,20191017,<p style ='color:red'>+</p>,0.7,0.33
27,電器電纜類指數,46.84,20191016,<p style ='color:red'>+</p>,0.56,0.26
28,電器電纜類指數,46.58,20191015,<p style ='color:red'>+</p>,0.3,0.14
29,電器電纜類指數,46.44,20191014,<p style ='color:red'>+</p>,2.25,1.02
30,電器電纜類指數,45.42,20191009,<p style ='color:green'>-</p>,-0.39,0.18
31,電器電纜類指數,45.6,20191008,<p style ='color:green'>-</p>,-0.09,0.04
32,電器電纜類指數,45.64,20191007,<p style ='color:red'>+</p>,0.46,0.21
33,電器電纜類指數,45.43,20191004,<p style ='color:green'>-</p>,-0.02,0.01
34,電器電纜類指數,45.44,20191003,<p style ='color:green'>-</p>,-0.57,0.26
35,電器電纜類指數,45.7,20191002,<p style ='color:green'>-</p>,-0.37,0.17
36,電器電纜類指數,45.87,20191001,<p style ='color:red'>+</p>,1.04,0.47
37,電器電纜類指數,45.4,20190927,<p style ='color:green'>-</p>,-1.28,0.59
38,電器電纜類指數,45.99,20190926,<p style ='color:red'>+</p>,0.52,0.24
39,電器電纜類指數,45.75,20190925,<p style ='color:green'>-</p>,-0.95,0.44
40,電器電纜類指數,46.19,20190924,<p style ='color:green'>-</p>,-0.62,0.29
41,電器電纜類指數,46.48,20190923,<p style ='color:green'>-</p>,-0.21,0.1
42,電器電纜類指數,46.58,20190920,<p style ='color:red'>+</p>,1.44,0.66
43,電器電纜類指數,45.92,20190919,<p style ='color:green'>-</p>,-0.17,0.08
44,電器電纜類指數,46.0,20190918,<p style ='color:red'>+</p>,0.13,0.06
45,電器電纜類指數,45.94,20190917,<p style ='color:red'>+</p>,0.46,0.21
46,電器電纜類指數,45.73,20190916,<p style ='color:green'>-</p>,-1.06,0.49
47,電器電纜類指數,46.22,20190912,<p style ='color:red'>+</p>,0.81,0.37
48,電器電纜類指數,45.85,20190911,<p style ='color:red'>+</p>,0.68,0.31
49,電器電纜類指數,45.54,20190910,<p style ='color:red'>+</p>,0.33,0.15
50,電器電纜類指數,45.39,20190909,<p style ='color:red'>+</p>,0.64,0.29
51,電器電纜類指數,45.1,20190906,<p style ='color:red'>+</p>,0.38,0.17
52,電器電纜類指數,44.93,20190905,<p style ='color:green'>-</p>,-0.04,0.02
53,電器電纜類指數,44.95,20190904,<p style ='color:green'>-</p>,-0.04,0.02
54,電器電纜類指數,44.97,20190903,<p style ='color:red'>+</p>,0.58,0.26
55,電器電纜類指數,44.71,20190902,<p style ='color:red'>+</p>,1.22,0.54
56,電器電纜類指數,44.17,20190830,<p style ='color:red'>+</p>,0.98,0.43
57,電器電纜類指數,43.74,20190829,<p style ='color:red'>+</p>,0.25,0.11
58,電器電纜類指數,43.63,20190828,<p style ='color:red'>+</p>,0.11,0.05
59,電器電纜類指數,43.58,20190827,<p style ='color:green'>-</p>,-0.11,0.05
60,電器電纜類指數,43.63,20190826,<p style ='color:green'>-</p>,-1.53,0.68
61,電器電纜類指數,44.31,20190823,<p style ='color:red'>+</p>,1.61,0.7
62,電器電纜類指數,43.61,20190822,<p style ='color:green'>-</p>,-0.02,0.01
63,電器電纜類指數,43.62,20190821,<p style ='color:red'>+</p>,0.58,0.25
64,電器電纜類指數,43.37,20190820,<p style ='color:green'>-</p>,-0.28,0.12
65,電器電纜類指數,43.49,20190819,<p style ='color:red'>+</p>,0.86,0.37
66,電器電纜類指數,43.12,20190816,<p style ='color:red'>+</p>,0.72,0.31
67,電器電纜類指數,42.81,20190815,<p style ='color:green'>-</p>,-1.4,0.61
